2625254651231546213654263
4126352413215641356241365
1534362153456123145236416
1631456241356342153621435
1421612645213624513264513
2431561252316451632415234
1513263214536163425162341
1452341536241356142356124
6163124542361432651342142
3212364514623456341252641
325364523125463152436154
1231564531261451235461356
2132654314532541362543154
212141531426341534612543
142656145634135462153412
3564356254213651423651425
23541635416234521356421
4624514261352416354163524
232432143516432165431265
5132143654213462531426531
2342162513642143562431524
2341452314625361241356
1234161534261631465321523
3123246152365214361523641
4634364526146321354132642
5231354162314516241532614
5614642514365241365241353
4154152341652461352614351
1213153612453615463214523
56213526415326152431
1464214354623145126351426
5342325342613521462346512
3165313261546312534615324
5124361524123564123541263
2365346123563254123156412
1215165234164213524613256
1341356324613526562314563
1412536124653614235162134
2435451521356412364531456
6524312436451326415326451
2146532614253261435236124
4345645123456124351264123
25135312456153246531624
6512416254316251436524163
5342615324516235461235421
1412346235614321654236154
4652461354625312465134
1645316352314563142563214
2141235612463524165324
53426516453216453214256
65364135426152432156123
2121235254216513462134562
5431526435134651425316452
235415321645312465213436
5234651216251436213246153
6145126451263251634215463
1456413624235136423654123
3124635316453126431536245
5643425164513256341562431
2314523643253164135241362
635124531264351246534126
5121462415362534126351264
451256324164135261342563
2514516435361523416325416
6523416432156132145362543
4263456124352653142564213
3123546143542615624315462
3254213564123653126451236
2415354132645241635452163
2362654145216432156342651
3146231463524145362143561
424351341253614513264
5132412365146253416254136
62614523514231652413245
1236246325423146521364253
3254213452143625134256134
1325346152346512435612342
3123514362154361254631245
5623513513526314562413615
61614325361254361325461
4254653123124531625641231
3152135624165312456135134
415431562314256315246351
1614352425643152643526124
3164243564215634125643124
2341423561245361245316236
4354123614653245612436125
6153613264125362415632461
4521364232514256421365412
4123623524615213645263143
4652624152364152365124
141314653264135241632541
2415313524613452615342
2564531652463152364135234
2124562136245312631542361
1645256124365132465123645
2456213451264153264135241
1431213641526431265342362
523126534126534126534
1512136524153262541364521
5126345125321654523164152
4251631341623541263541635
5231462361432541362513412
6153241354625314625134261
2131316234513642513465123
2463465213451236142351423
3261454132512346531256413
1532465314261546312456231
436312534123654216345126
2354623165412532614356
12621324516325432164315
4261254634123642156324561
6126543126451625432163456
3242513612431452631563412
6462341526132465132142635
2134651434615235614351243
3142346123625314263154215
6325652436213541623516424
3254346265134625345614352
6124364125346126453124
21413215463251436152345
323416325314526314625
2543436251326435214631245
3624164526451362514621352
1513251426345164325364125
5151342614615623415263614
6535643261534612546143256
1513264321543126415324612
342413642135621456341562
1564351456132645216431524
3651563426512463251435612
2465326145163241362541362
1342435142361453562143561
5614234516342536154321645
241563265325631245341625
2612135624613465231462451
3241625341631524361521346
1354612352143245614235461
1365341542613526314564231
1613451346125346253416234
14246123514652134562134
314231543526134562314
1342654153216234514236532
3563213261324516254136251
2352136461352463125613421
2541365312463514625136214
3252365321456531245632145
3151613542136453142653124
324231536245134256132
1242465326451246135246315
5314625314256132465315421
3264561324561236541234625
6243631265423652461352431
4236152415632145163452134
4152365142362152346512463
1364521413431652413651243
2632145246521345632145162
1215164562142536143256143
2151236425614324561342615
6151236415614235146251
4641265231462152346215346
1414152635421364235142635
2324526152341652431463125
5364623143521645231516243
4135462136541243521643514
31542341654321245613254
4156125634254613521634251
2325125423153645236145241
15126324156436451234562
3623124531234156234561
4163521623514635216542316
6453624536543165421653462
3623246521534261342154136
3261325164523163452612634
415463126145321463251
2453165612634251561423516
5245364512643651245362431
3243512645413264534162453
235342163526214365423165
3423415361521436532146352
3242165236153412614235614
53642164152653426153416
14534654163246153264153
3641324163563215436251264
4521564135146251346253124
1342156234156234164253162
1435631254163516451324635
5613546243651246321453461
416162453261423561435621
5125631461325614523142563
1342531432165412635241653
1242164315623542613546123
1251634516253145632641524
3161321425634123564123514
6313652146231543526143254
2145261413564251632456132
1623521452653142653431526
1236312526243561326415236
313452613456215436145263
2356153421634521365216541
515423156321453612451362
3165265134562314652345162
5435613642513462534152364
3512315245346134215643123
1254614321452361546231456
264513426153265412365431
3231245631245316423513654
1625413651423626154326145
5616212345231641523612453
4315146323456124153241631
2651251624351461235461253
3131325432614365142362521
4213524641256432154316254
6132162453162543216345136
1216415263452461352416452
4263412151236452164315216
1631642351642351436253412
1454151265431521643251456
561612351432615423612345
2142623541236523415642315
324164521354361235412635
1621353462156342156341256
3151326512456321546135264
3645235631421564321564132
4362643531642516354612345
536256145241326415346215
5462341521643124563451236
3461426514563154256312436
4356143526315264315214631
2345612351346521345612354
431362461256413256415236
3563215246153261435612345
6243142432412643521645321
325465416235416234516235
1321546213436524165342156
3461246513465234152614361
62434125261342516341265
2342513642514365142651342
13256313562341246531256
5261462315426123456231451
2412465134625341621453162
4125243123162562413542645
4631251236351642531624135
6145213245614253461253621
6136426145316246535216342
3121565312453164532461523
3412135625345642351463154
3456415346125342615634213
4251626452136245314236125
4312351643265463154216534
3246261325636412543642153
132413654231645213564132
6526416245316245126314526
1214321546312456123645321
314512365132416543126543
5465132643512436514236145
34156143462153425614326
1312513462145621346523162
4525142361456235161432561
2346154253145623412546123
4316321642531463521432632
6241523642163521356425641
3251626132514631245361245
1621624126536412635412632
5621234265132463513254
5152641532516423546351261
3142356132453145623412563
3132615461253412654132456
6124513246532431645263412
1432164561532643126543261
1351616215246345162435124
3452641634516235164152361
5462514236512461324561325
5365142316451236254312456
2513624514526316523641263
1453246316425123465214362
3265623564213524162531426
512643654123514562314235
2135412632564531265414342
3632143612534162435126345
2352564314263541625134625
1513245465132654132561254
6521412534632154261324563
2414243251642135641256432
4352435641523463524163514
152126412364512463521
1516124321456345123645316
2534631213241635624615235
3526126514325623415621526
1526234613516356241356124
2631254231534652143651245
1243615214362153421635241
1235141621342356142356141
3146314523615264312546132
2312652413526134562143512
2342135614215643265123641
536412516352146325163425
6512524631425631265436126
52643152341623452613425
4321351634253415436125345
2134515231642536145231456
3461531245164235124563124
534136215234615463214536
2654134625341625413625
3245232612313624536124531
3625362432132154626134526
2321265362521643526134526
5321465321453462135143625
1246154231565143216543216
4621326416213526415234653
131631251254632145362156
35146321462531465234615
2146253624352641523624315
41212452463125436215436
32615236145632145632145
4263414234561234625136243
541523465213461532416
13124562361425364215
4612153425613456124356
35631265312435621543621
423564512645324612453126
1254132456134263654123612
1325125143562146351236413
431512652341352461325465
1323162531426543126543214
53416341625341264536
2623651253412645261325412
5135243641235614235312461
6135261236453165132465134
5612614235412351246325146
3645131643245162435162435
2341524153246153124564123
5341625316214325613425614
352416412613541625143125
2536141256134521652314562
462536145261362154365123
216234615321653124613524
4354624315632146532456314
3246132415642164523142653
2612561324513462513245162
4263145264521362153461252
35143152631642531624536
4232651326451362143615243
2323614513625142635124613
1613264325163265134612534
2546253142563413125436214
132456523561435261534126
5216352641321643516342134
1363512354213645236145
3415236153426431564213562
1243515621346253652143621
3125146235421653241635623
6131243651234516342536125
2356132453126541325146324
2464523146213642531624531
6341615123465134524631241
26456342513621542361245
3136314215642135621543261
2635613246152346153425612
2634532451635243612543162
32461512365146325163241
1215321456312546235416234
31634513512341625341256
5123465123164153214536245
1314613415362413562413241
1241562512653412564231652
2531546123546123546134521
4531521432156241635241316
3542362545124635132456346
263152645312654132645132
2531564235165132413653214
2136125631245361243514265
2346152342615321642315234
2516451324631456231245361
32416351642531264351623
1362642134625641324516235
3162635142631526432152163
4136415213462541631452361
123152623165462314564325
3215462516345124356241325
2646152425613421564312564
4563546134152436152461253
3214362516245216352412356
4323251625436215423153246
6524354164253162342651234
1365342156341235462145261
5163456124631546531246352
424616325641236452314635
6343521364512354651234
1214235643512435264315641
1232414516342152461324521
152462154326451362345126
2461425646325614235634125
56323615435612345631246
5362125316253416253124651
6451324136512345613265413
5642636514234615231642315
2324131241625431625436145
3631516423154362153246516
5615342316523461532645134
3261256432563124531652436
2534615325641236154312631
1416431542365412635412614
12621314536132546135246
143626121532465132465123
3241256132651432651314623
6512536246135214653245612
245321645312631425346125
6434514321465246351246153
1212365123416523145612
32415262434631253641526
2162451642153461254362134
2612563412345163254136142
1251631263563421354621352
1342516354236452143561234
3265452165341264351264536
412651436216345612431562
345361342514621534612435
1325452563154623243165241
4265132632513462516342163
645314156234516325641326
5436215321463214356123465
4531461345261435162435161
635234615436245136215
3652314652346215362453164
1412653124563451652314623
6412351643253164521634215
2632416253642351634215642
515314651235426312456342
3536416324165423146521346
1243216541325613452361245
4341213421653214536215463
2326541324631452314625314
63521356412563415326415
421345162453164235142356
5436213514623514325612435
1245615264213542651425436
3612361453142561432651341
2151516452316431256543256
5345162346135412365462134
1464256312541632164521623
6123523461542361542613523
212634523642156413256413
3651623415623453461523462
6153642536142516423154623
63543123615246312453126
1424254653614523641562135
5265315243651243562415326
153641526351423163514263
4313264516413256143521634
4512432654152361426152361
2146213456214352614
5142152461342163542631456
4242456423152463512321563
4612543156342156431652416
1232316341265316425321642
2123645123516432561536425
2461563142513126435241345
1245364154213651426345213
412623654132651245316245
1636452461261543624156236
5345613241564326514653214
121313462413254613512
3142516246315426315632415
1424651234652314653216435
1354234651342156324516234
4515623465413624153465123
454562435216346253214635
3146153643216453216345125
1246132543162513426513465
2314612532152465341263541
3412456135165241325613412
3232346136451253452641325
2323614365231542351643216
1534312613462516425316245
164234125326413546213425
1563124523643512643126452
2542615324612532165423612
3213256432165163421651432
3521325615234156432651342
4152413523641523645123465
5415642516342615436215463
1235162465153621532461534
6143125431256312453624136
2132514651326541326514325
1436421453125436145612431
4321634152436145263154236
2342513416236251432641425
3421321642645321642351632
1456231542365145264315624
5356243126413256143526
1645325361423165324153621
3546451261342516213452634
1413546315235146251613456
154256142351641326561234
4251216432514612436541235
231436452362145632614536
1565163425164531265143265
5456354213462531246523
5621542631246325146235143
2526321465123414516234152
4164521363452163415246312
6536152126134516234512645
2642542613542153624516243
4212342641523462534126513
4135123253462135461324356
463421432651264315624
3415632546123462514536214
1561624536215634251463
32461361523451623415624
5142635241325612435612345
1253461253415621342615
32163125436124531246513
1524142316524316524315642
2625631241523461235614234
3156461523426431256134562
5246324513641324516325
5621361543642513462415236
2546215236152634152631452
2423512613243615432651462
3415324562413425163241254
35136212153642531654123
24135246312456124356123
6425625641325461325
3261534625134165234162516
6143261541235243615234615
514641236521354612345
2413613256325624163412536
4235613421543612543124652
46153624153264523614235
2135262341325146321546234
2365435641523416534216541
6321463251324652315643215
5612634351346215364213546
4354563241532614251346
4124312652423516243512
4142345314251263421546321
5312634152361452314624351
2312151632451242136451243
1415415236245631254126531
5236142513426156312453624
5612341623421536245341632
1364215364123516452346251
2534612543621456312546312
214652346142361542361254
3123645162352146215346231
312614354623512465341
4316131526312453146241531
5231245631241654326351
53641243521364256314235
1465261423562135461352641
245462354631246531423564
3243514235265421365241263
1215243126425362142653142
5124135216452641325623456
3126135621456123465214513
423464523465231462153462
6324513426345361245312
3235162436514236452163164
4365213426215346132561436
2124321534625162341562315
1642513463452631523641526
2543152346154632145362134
1321563451263414356124356
1243156124326154631245624
5124163254163412563465126
1526125413256431652315436
6243241562345124356142536
1324536145326315423612451
1621451632415361425163245
3454363523132645312643546
423143564152356143253621
2134124561324536241536124
2641265326143516342516245
3141261356243562143526145
1623413625431654231645
3641451236152463125341623
614561321645214135261435
1653164123546235143612546
5313125361435216453124
6243514132564325643152643
3152361245346251342163452
1361635214632562154361245
1425165246251346215346512
5141562362143645123654123
5635154324513462153624125
5464213464531426315642361
6514136524315264312546132
2564125364135216425314612
346145614351263416523425
5462341562134215643126543
3624312543641352461534215
2134516342135246351246531
2645652134261532546231542
5362541362135426135
3125164356216451623421345
1421536243561245632145163
6426234125362341563152461
3631542316452143652143642
1234131251462351654621354
125316421356142356123456
6535142651342135614236152
3514623465123541325634126
6231625432651432165423612
3156234521364215634212561
4314625124563254162356142
143635641265342156324136
3262521431625416325124631
412164614253421632453614
1256143265416421345126315
5465324651436251436215426
3431562453462315613245124
3515623546135321456321463
4234523261346254123615243
6264351426126345125345612
32346134165246561234516
1215246213416352461324513
4123452436214561324156134
2462612456321456213452136
125345124641534621535624
2343124635162436512413526
2564162134562314562341532
3152631256312463512456312
5364125361425631426354162
464351213565124235641235
361431253215643126535146
5361512415326513264315264
5243146523142641352643152
4254321562435261453612453
1261541642361243562136514
5614356125463124563123456
2346142354262135461235641
2634656243156235412632415
2146352163541235624156315
615346521345631425136241
4146532425136452316452
256134125635432615324136
1352314635234126514632416
6545324156145612345613425
4241362453125643152436512
134523541632154621345623
1352436125634516235461542
524156341624563215634
434256125341625341623415
4651236412354321652435163
3156341634264325461342561
3614215426341526124356423
5345263125413562415326415
5642514621354623145236
6531624351236514231562
3146215436125342516324516
5121346152436532146532146
5362134156231435612435213
5641256421536213452163451
3134265124315246513256
1451254136152346125312356
213241651361243561243526
6514243546152315426541326
253234525164312546312546
1623412342516234561236142
3415324352514236152413645
5124314523641536214325613
245152134536215463521346
151256412364526145364215
4256135624231526531463245
1213134562453612451364125
3256341354621346152463154
352635146325461532416
1562346132645132456143256
6363246345126432514623561
1541653215432615234651236
23432134256324126534216
2341612432154621354623516
1234513461542361543612543
2143513264513263421563421
2314541326541325615463214
3214353164512461325165341
312316546235163421365241
5642143562365142635214651
6242315463125634532615341
2364562625341651436253142
2514613645613256143256421
6254135246153623415621354
6315421352135461234652134
4351621341326415236241534
2631625326134235164235146
2354123613231524632143614
2646412356412345621345642
145263145231465123451263
4536352641356241536215462
642132543621364251346124
4531462154312563452136524
424561325416245342614513
4531263245162354621435621
124653245162164532461523
2154126314513214635142641
2435143124653261435263512
1413165312341623546124532
1431623451234615432641523
4232465123614523146234156
3153425316342135641235623
234561264523614231465
426135214651235412634516
2452345123465312645134526
53526512436251364213526
3562423416532456132541362
1351235143632153412365413
6231532413642534165234156
21536152316254312561342
3151362436512431623154623
2513614312364251632453124
1463145623154126341523464
6462362134562136453124563
1625324625314253615423615
2413153642135463125421234
3415452316453216523415623
1256343516345261356243156
3245213526314523246132453
31436251234625315426351
4535364361452134562316452
1326154632416321546234153
1351264541563412635412634
2141562135426154236152
1525636215461523461523145
262645134265134265132435
3456341351625431625134625
4145234153621534623514631
1232561345612435246153412
6216354125314326125463214
1465232641532142635142356
6234514215362143564235614
3436324514613254162351243
56145326154213546135256
4153243152364516341521346
531423651465231462134
3452465312615432615423456
53512143263541625421365
4632146214352614325613
2425635462135214625143124
1536431256342561542136256
1315612435612412653124564
3564156314256145324163521
3541324516213426513461345
4164151642356142351654232
1561256413234615243614623
2136421635426152436125432
3162356541232516451345261
423632143456125634125614
5612352546134236514361235
34231243456213561432563
5342145635431546235146325
1635143241562341562345145
1641523542613452163452136
4613264521634512135461236
1512534132564123561436251
126324516341325641324562
1421365132643561423546231
21214513256413256143521
1323612631542365163425162
3531265314652613542615134
4325164532164213456234165
423624561352416234561234
4343215643164253456213456
1434123146521346524315624
3241345314261235426315124
5316514321546212345243615
5631456134261545362415623
4123656341245361235246315
4265345124162365412356415
521425163423542561342651
1263452142351642153642135
6463263425143625312654123
3656351245264531456231546
1215613431263456315264132
234536426145321462513
314634215362145362415236
6142614563124651324561346
2562413624153264153251631
5315265431253245612345
1465634516523461532463512
1215462513243651324516
1616152131462543651243265
1345614524163251435624135
4536213546531254621345621
6513416253456123416234512
6532146542315643251636421
6145214513261534265413251
2542135254612354615324632
5162452316412534621536123
636152423546152346135
2342514362312413256435124
31526343612534165143621
3634215325413265431254361
141265134561245346124536
3262513462536145621435624
1452456231645312456324516
4631246315263514263154612
5236421546135263451232465
365364512346251346521
5312645623162416523416523
4165625436251416235146231
5214523645121315624315263
1651462543126351425613251
1264516254123624513264512
1513652451326541623415
242361365246315624516351
1512412634524613521624513
5631465324162342516342124
6264363621463541235162345
6165214325416253412645312
231264516342514632514631
2136451324154361254631253
2641526135461362143562146
2525631254125324615234615
1363562431562451325614352
2516354253164321356125346
2614235163123451632456123
245342541362534126513216
5214263245132461531425632
2464312361654321465123645
2163246312654312652123645
3521561234564312316542312
64314531526314125613
1641532641652431625346152
5456232165264123654125
2135431542361524613254635
1624152364523643521365241
6251412516345216532415234
4245623641524631542615634
1514351342613456123465
2423145234631524135623145
534124514362153462513614
62143421651324516324516
3136152413562415631246351
2142526121436251341623513
1324532615421623145634261
4163254365123624315246
613565234615426315426
2341351643215642361452163
1234251234561253614362546
12652356421564321561342
314526134216542316453614
5352154162351642345216345
4161235164352614352145361
6543612531643256413261425
23612314625312635163245
3413563425136425136245364
5143526136245364215623526
2415126524135624513462513
1354313614523564125346
31245645125631425612136
5164352546351246351426312
3125415421653214352614356
6213245632416523451263546
1623145126352641256341654
236153456412536421562345
241351264545216324531642
15231245263145632415634
2452413614521364521365124
15345321345612354613265
1623146245641234652136423
24131652164253146253124
5346123562413524361546232
3245251236412546231452613
2153416245326415324615
2635152132564132541236451
1623154642631253416234521
43245261354612354162435
1634143253412365125436124
45132452135642135641
2123654265431426524135264
1512452163452632143562413
1241514563412516425361421
4523125436231526345126341
21564216435621465321645
5132426531621635426135424
6361452316254135621435165
1656164132643561243526142
1342561231461524653142563
3241234156231245136214536
1624135614536251436251426
3121343251342513651456231
3125654131256134625314623
4231561523416523415263415
425136536426541532615432
6324615235264135264531265
5261324561452631263514253
2456324516312465314265314
6265123423513645123456213
2436213516234156234125346
341615326412534213124563
1546132564132456132546132
2414263524132645326123145
1464512631452631425361253
514234612456132516452356
2341635142461253641254361
2325451235421635421634531
241251626513246312543615
545164521362413423654132
4251345261541235623416
415462354561342561325461
3161645124635162453163426
2524162451532463214562314
3242613541425124635213654
54563245612345613421564
4124261534265134621645316
3142615236215631245316425
1351243623561421534261435
62354136532146132546123
3153562156341254632541362
3412561524351623451263514
521453614325146234516
5325213436251435123645123
1326146315234561325413
1465212134561234561341632
1534246125361452461326543
4246325164521364521463152
3246512134251635121634251
541426351246315243651
2145613542142351465134621
56463513421635214653612
351431421534625134265413
21425263645132456132543
6416326314251632416523412
1625416234561325164365124
1412351241635216546235146
4141624235416523416523461
1431523146523416253146
6423154631254632154635124
656524361524316452416325
1324563145263142652134526
3264262416364512635214362
2361362641526135462135431
4126124513256123541356125
2613241562513465312415362
2154265132541631254635126
6323612534163264513246154
642364132654132435621435
6521234156125323641523612
3421654163524136213542641
2514362141543621534614236
21615342546354126354
413645615436215324651324
5153245631264263514623514
3124562345162543216534126
1243452635132642153624315
4653154235614321653246145
1263124652641532461532461
632413562143521364512324
6412532515642536145263412
2456232354215634513624135
1253234615264531264153241
5463154326431231564231456
1561246156423512461234562
2134643146324156234561243
14216261546312154312653
2364156231453126453126345
5262531651234561235426341
1532125342651426351462314
4612634251346256145346125
1353615216325142632451623
1615361364523145623451362
232615235231465231463245
1254163456213524156324512
4625431426541346521315423
3416351234512456324513264
412456213546132461542361
1562353132452631453261452
42456143254162356142356
3623162513462136542613415
1245626526413254631254362
16523164523461523145623
3416142563246153264152364
2432435612143216534512425
2352462135415326341256134
124126534251645326154236
3254236415232456134526145
315645615324165231465324
4234314625341563421564326
1541356142516432154623135
515462351623416253416235
3142361253612435164235614
4521413423156243512614235
1234316435612435123624536
1345126341523645156243516
1312452163524163254135264
6524163251436243165342536
343456421635264135642351
3564125415362541326431562
6145163456213462513245
2164532145126123461546234
6315246123542614235614
6523524512653423561342513
2134523641426531452634125
1325631216346341524631546
4526425612463512413564123
5165463214562451634524132
6153461326451243521623541
4162456231456123451613245
5132641351634215634124356
Total Moves = 24490
