6345215416513256134
41265321512164235641235
6532142534236313623415
1631324532613512634521
1546251643143512142563
21526521541613415236
1261325461523412356
645431535416543261
1231641614523526432156
312364564514612345126
3531213642653621345
256431246512652136245
54312154365314621543
3216414215431641235
14316256314354641235
35642346541561361524
2354316312341324615
416235241463161243516
231345145364213456
513432613425632431256
623421615143654241356
124542651421645312
123451236436316145236
32132462365624312645
464356216464136531246
52121351241623153642
4161514623465145236
54535241264153263145
3513516545162543126
561365256121451236
14363212534121526314
53452324136342145623
563134264653614256314
5212526236146135214
53461356123512364513
252165142314216152413
13134231256315314263415
1432312641263152614
25424513154146231546
62464513243416523415
52465365124263561234
31656535462156421534
2535621352645631245
65121652343454123456
5342325326163542461523
42346213641364234516
5624621634125236514
1641531353213452143526
6132561346354213645
5342146432516521436
65364135425412321456
21313256415426132645
543154346414516345162
25353421635421436521
52465215214532431256
6452625623613241312456
145426461356434124536
3136531326153423156
646316515615341236415
214124352361514213456
635142531453261245
5614341634561324615
4515231651412631245
26163452345623412356
6516343621435132465
4263656465356213454216
12354634146156354126
325424312353621341265
24645243216312563124
435146143613642524136
3462634326346125634
4243451534162153246
53241425165362153164
614235241231651423
1512345323423251624653
3252425143253641235
1323241525145216234
315136216314136213456
532512352453141352416
6164325143616531246
4262135143462641312456
315214652365126413256
4153561314251426135
1613142352563652164235
316465213642154215463
54356454125431256
43541636165365624613
6351342534632415623514
45165216415214251346
436565251243163461253
2656324125642631524
31423264135415212346
241514352463213456
256513651264135623415
21265621362645321456
1452565615243621543
2456543146241542643125
4514635254651263562134
523651242356123546
216151525626315426135
512614612352351415326
452636215146536423561
23143613465413245123156
6124353253164246135
212543641364653251346
2464345461241531246
321454152531241513264
6242561436514521364
464236253564361524
23524624513213456
1262132143526143256
4265253624613463215
612653254621452312463
42512326124365342315346
62342416235423652134
21434524163531513462
41536136132634521346
1624542314513621456
5454626453562412531546
61245343612513246
21413154632546145123
23462534523516234
2543143561326314214356
36513632656452164352
1625213451232564123
516125461625146325416
524563241634165261354
14132426124124312456
3424161352645123456
15635616516546342156
656534624124351613524
4251634536212354263
134352434146534625134
565346521436135624
23163215635235632145
2616213236516342156
324162535432314231456
141415325163454135246
1653541635463251346
26316134515325614352
15246214654156235461
31423154352613541263
152541323452643425163
3512123216214153251346
23213261543612451236
25654626415631531246
35456241613265143526
2156451431545623145
32423136135132456
13453541516532413562
535146252364162546213
32161256132624132456
636326232564351251346
26145214561435421356
1341635142416356412
1312312435131256134
2652652415234356142
1234215162541632415
2131656324516143245613
651343514564123456
643451462613254216345
154141516212434613245
234262156451431631245
56463131653251632145
41356164621354215612345
31545432151243162435
41465145135324351263
2351513526435124563
151261236454325146
363213512346132546
651214235163514215436
653246546526465236145
364654521435621253146
3263251256426316245
4636136143521423651
243165653162152614235
53246415426542162435
324354162461245362145
235316136425423625314
31436531523643123645
424163615132461346512
53642416326534123645
1465341642363461235
36316232136126413265
412125135146215412356
1521623613564312456
56346163151654136426153
561651642453462563412
416164261461453126
52152125651325463125
341352132415613521643
132423146524165241356
3524561354365426145362
61425635634513461523
631616435424561452346
26345165361645236134652
51636216513452431256
1216365326462641532146
3134521653416354126
456531256415324516
5352353426531634152
3165651562463153426
54256163646123546213
4321234635214264135
461321421451636413526
263542615325426564123
35616521253413564312
3625451314126453126
516523436156124354612
645454234536412154613
4123651462141635126543
5313641651362435216
42423561461453124536
6321625146345123452136
121251614513425362145
426343265436251341625
316415234523416352514
1454151215431256214356
5616123143216421356
23462516232156521346
3246215361325412536
13543462345626145236
316165321621546254613
32561512614516512634
264365431435261345
53621514246143513246
362425323154613463152
31464312315312563412
41465352352143561234
2345316234651324156
4314212613652341625
35123612615324536145
635452643635312436
32346564234134215364
51413262364341651234
3124651436521361521346
62146352341234521346
342513253465413512346
1325231356234121536
5243415623621561234
241465136212154261345
424613423654162354621
63212363651642532146
61412143642164362531
43646412542516512346
3165154516416341526
345635354251362463145
3451414615354161412356
2521265623526324156
52142164632546156423
4316523613165345124563
13236354125642153146
56124542352612456123
14364162564236261345
3415123645314531246
5465625656141234156
3453143462145142356
13151541361243123456
412532141323516356124
23641246251456142365
415642314516252164235
65626362642356254136
313261634626345135624
612625361465163561234
5421215361423521463
5145615465312651432
35235342415362456123
312462524124142362145
6121612146532136524
14323146152636236514236
26161625634564164253
343421516546413625
534251632614132546213
53656314632516343215
213621524632163514236
15463162526423631245
65623564162432531246
5143546425143561234
21541526315314561243
3632354132521364251364
215254642464134562134
15145645356341262325416
65241543643516213456
26524323156152653415246
5456435641253264513
62125412642136524
1463534324153216435
253641632651632543612
3562621363256142356
52562136131654143521436
212532546536154361245
1236412142632413546312
42351412612435246135
3143465254312634263541
231262436315624162345
42351412512536234156
5361463152615231456
51645614525623431256
56452315234132364215
4323524321453526413
21451526213645134562
36531214351245123546
54351435625312456
2654162463425362514
32324523245261324156
36254624523165314625
2363565654236451325634
5321413656134264513
126465423562431261345
463126413524123543126
1314642615312513246
31463243132351263245
212624365363212341256
51245624524316251364
321526136415463215
421341424363451214536
5415365146236132415
23124625362134256
46423426325431513426
35631245642635125436
4256456453124132456
61543516132365324312456
321621515462354613
435352534234561346251
1534365243254316524
5346534314126534
2363615415152146235416
513153452634256146325
6161232641651362141356
51614214254134213456
352616351264352361245
23151412353541432156
534152162346125431256
624241416352634125
253641461352631432516
46136531462132513456
43246132651262532146
4312424524535264531
1432324126421514312456
1456136341512613524
421541426531215431526
35431252635216431526
4623252354634126536124
232364145121241564132
1616324346354612134526
254625245316523432561
1351256243524361235
5212325312134216425316
3632531524135216345
3423265143642563241
142526426565362415634
31215453246356416352
61324323153232461321456
2562364534312645312
2464514121535426154236
625143651246324153246
26425635212514623
313141256145125341256
2152426261345613425
26132435652142651423
3264232613625132456
612651652565236534126
31343543142521654312
5141246135145213546
1314621354316432416235
6251253161453213654
3541541346123564612534
45315432142612342615
3243514632454163462135
263134231262315614235
2535156132523514236
21312526365341456423
25642625621564213
2524563612423513246
623263153265143256
143634623643124651234
3163256431632431256
43136215452365415324
126526216545312546
3512634235145265134
26462564214654324156
454652512412531613425
324316412631642135
532562524361213462513
65364142132526412356
136535215423412315426
51653456142364123546
62432143162314625314
6243521356345214356
3642462513542634523416
236514241516246252134
5246421541653415236
242423246154132654
563231512531642356
53612416325321453126
6451531652354631256
564565453142415324316
46212324124523624315
36341625432652451326
5612343261531423456
3261365462153621435
254624564162315631245
4214352423631614235
2621465231364132546
14626242165215324536
3241246165256512346
6525623653526132456
24512154126324615234
43435461421465315246
6123165265134132456
451416234635123164521
2624143264312546123
26125123453134254316
63161236545351642563124
13425462413534564213
1245151436123456326415
4125342165326142635
3535141536415462134
2145623153432546234156
4265152323413612325614
63514512631462435162
643521626354631532146
4364346514363543612
6456354364132132456
4523424625323562451236
14123261251365134231456
641235165424126436215
263265321543456354126
51534632513245613524
536463641641532314562
124216124516123124536
52421346234215256314
23256214653256251346
652361624153126534
4142545234352631245
543534534314523651234
56146354616254653246513
36131235454231625134
51651634635134652152346
534515234314256415362
1461561536541231645
63523546236415145362
2126136426514651234
3651634541563545146235
6461361462162534245136
632563154613421356
13246513645321546
52625134143543265134
153656562145164231
524325631465463251346
434343456232146531426
21462125234613524
5124654635314321456
4241245246254251632
56251361234653124156
163123456143265261345
2123165136265123456
26543212163614216345
1213415465414653416325
4162361536251615234
1636245646212534612345
54521541654326152634
1213134641362541356
31451256315362321456
1426524362153634254136
1364243145123512634
45152324516234251346
4245236341235421365
3145323646312561423516
12434236152316145326
135136246325143152346
1245653561325314252136
3434323545361436152
3236165354324136541
12343161231542634512
1232512435621254346
16212432421363514236
2521245625623541625
353254612541526235146
35232523541265631245
4163435615463231564
54535216435146215346
126141546531532513456
641432325623654215346
562153263432631543625
14364213123653461436125
532161563653125143256
2635216435243151246
36212645621532146
1245245624354624513
53565231431264135624
1625231463142413624513
364315412641364561234
1413543513516216135246
154256256143152463
425212461412634521436
231435436251364251316
15656346432515635142
5465354123462142365
62154263125341236215234
5361421462141253146
542563465312635624123
656153615413241536
2645462364514526134
421232464532532461325
416232156543563214356
4634243265126315246
34156325426152456123
1541232651516231546
12315161523654354162
514253265251324613526
26536126514534216
32163123641245136
5241432134256413256
326321215461256413625
3451642634216235461
5623615413241536412
53136234156234163542
25412525263152451362
24216143613624653126345
4512142513264613624615
351321432165234615
3412531424654162345
64256256514216354
3563235432343162513462
61231452451436214536
51464123652314254613
26356215621421642361245
431543563124314256
161356512564235461
212364146256524361245
236345614523142635146
632636165653243624513
56243513213521631452
45451342141512346
412321265241546521346
413421454126312456
53263152434615423156234
3215135423146512436
145413541265324156234
52364151425631562346
5632362425342612543
1364213254652146123456
62646514326436152346
2146124352143624615
323563252143261362415
2613465231253164
43131563215241236541
5412465123643165432
5613123264365143256
14626163541534265124356
245435635452613156234
353414234542542416235
13453521264156356124
52524614124652413256
34261356241625361524
43464625345256142356
63245134234563642351
323546431631625312456
4365346513264534126
2126345313562412536
63625153641256423156
2531542162532651234
515625342435136234156
4152125261541615423
5124216214346524314625
1526252546315123546
65624546326345354216
13243416213512432156
1621513264512413526
5454361362352451346
42314352413526143256
21341246536254235146
2643516124313421536
3216165326352461325
162342312526314312645
3412452361561231521436
6126534362312461235
16163165412534256321
613125341245613245
65453135364132456143256
31536264234145623145
12136162123561432456
1425356121421365264153
512151436316536124513
56351543242543156214
546423464636153421356
6514136265635623415623
36212513264231235146
3561241435164126523
54623435161362153426
361464356341523153246
54164153152365264135
26425643452315213645
53545326315423516
31213416456256426135
1423432532654124356
6432345235436135624
3431413614534561312456
25623124313654612345
125151252453624653146
654514252653416315423
641326516125313251643
6232432451432156231456
5142526243412562345612
4341632524625624136
14635326451342526413
326521561645231246135
41216242143241652134
5265364143651251462315
56432416543626142356
343525631265341526
6351565353164132456
4325256421362514326
626414126326135231456
3241264126256425136
236536415621346532461
6263543645121453162
24261525623142512346
1451412341643542136
252643632154135654213
64141352621354513426
352312362361326123456
3414614254653421325416
4526235612452412356
3531265341614235126
5316265121352164235
5213436231542164235
43121525434212645312
1365261412346541645123
631514656463256423156
25246124356312153426
2524656413534323514623
416521431624651253614
613465134163212456213
34352364524314321546
2434125634532541623
365216351236142564321
65454354123465465123
2412421235315465235146
132532415436165456123
142165121536412542316
524124656342614325
43423654132431634125
4363616351262345216
5431453624362653424516
36213641345264251436
53463254156134265413
564214613453612543
6531265235161462513
3143215265164153652134
62131216152314531246
536521631456123451263
561256415364251643152
31314152412652413
15124136461534621235
512631562563431256
65354315216254136254
41534521545361415326
162323212354216345126
541643525142651321645
4126436314123652412536
35642134353264352136
12125264531646512364
42351262162345623145
131563451363146312456
3653436536425124356
52563256341245316
6523634634165216534
631545312153264615342
16541652125434214635
23431253215612351246
23416162142523135462
3451346152436154361245
3431416245624341625314
5414132343165312456
42153416461263125346
3135135263513612345
413463543265154625143
312341634153254136
25426256356346136245
25365163461532142356
621354352346416451236
1532531542143645213
434136434124326354312
536153624353643246135
354231264312416531246
254612364525431526134
1453514315146312456
4536232524652631425
64212543631634523641
45136424231525135624
42435321524534364125
4531612123146215315624
243215462461654236
21542341412354123456
2434542314565421356
164315326215234613245
243624134653246213456
42421243642162345
3141631426543423126453
234561642612531246
4213215216152512346
2643523453162451362145
5252516524312512346
3542416356253126543
35135164321531463251
6315412636525624315
2154353562614264315
351542126312651213456
251624361651342136425
14131345134641253146
6464235146321651324
12352461261436135236514
1514314535624523146
343435463512356512463
145435143516353465312
32135252314563246135
31564521236315241635
46342643515364534126
1364543425314213654213
15234561341251214536
2615621354265412356
14536362164324512631542
26264513456324514623
36434635162641512346
565234616245341231456
13256164354635125634
513512514326532156423
14652436316526121345
63651265326346125
34154125342132541236
6162365613245621435
41323153425654634125
531423651465263412
3524653521423612435
5356214632465342156
463126214623412536
242356364323125346125
5363162342565413256
1353625421325614235
3564131534536146245316
454325421646124356
414362561423152365412
61264164232164164235
23643426352312465213
1645121251451362413456
52363243546145631246
65632541421631214314526
364346251643526134
5632543463125132456
165153216251354215346
141634263523465124356
46135246316321531246
152534136241532461253
12646451634132564132
53213431632536512634
2414513513456214135
6231632143256325146
35313253152653242516
432531621464563652134
62364624164241564213
4343256153261536452
52141265234351412635
324134352363154125136
5315151362642152413256
563523464215413624135
6453156363564315241356
42641213454623241356
521646153243631425
13616524352416231456
636326343432635341256
32625246251453615432
61361416345235632415236
23453642624563124
3141325626343536413625
61426146124513251634
25243624165326412315
5312513124523436512
4351653451532612534
251451531653236145
123161216563561235146
1343456251254164523
41453413531253514236
65313416463145612346
652434231453612412356
612535124514534624315
24213526125624512634
5163231432513142356
636154264315265341
23412323624315452361
3132363465216231456
36341241254325125643
151651346141534152436
3252546564265234324156
143652314642654135426
46312163526512436152
5264214516135162345
3653651234351236451
56536346231263154236
416563626415426365124
545346561512412513462
12626316356215412356
264546235612643215
15136345132562415326
2126136165632546315
61514534262514632156
36326312532614536124
464363215412614351246
632415321625143152346
23565161254364215634
6131634531246124635
2616254613141623531246
45256254253214635421
16364362145162341356
51634364325345641532164
26165131634532561234
2453254126352136542
52346215315463421653
2454236163145253416
2535426435621235264
65215164631624315462
6435431524314351216
164535642315356142536
54564152614236415
43524153214542631425
4623214623542624321456
615341632164523123546
424525463613163241356
1514513421342512436
242154543653124146253
541545154216563241356
62134312345126324156
313424125431516234156
24321435625123465123
135423614541263256341
4143542362563143526
613565243246523146
34361535234163251346
23523423513465132456
14652361426152162345
3143121621415361245
53521652424365215634
413421614341514256134
65431361531426531642
2361232164254362315
3414634523625423614325
54643646134562346125
25146513451452461235
13253142352564241356
323645213516451326
543425352464135246531
316514563245246145623
6523621421635243156
362141464563264541236
23615356164526132456
5131262545123523146
15231234523146324156
2452453124613125346
153435134265152346
3635254264215245136
21316316261452631425
534636241653246526134
3232615215426536142
21536513526421324561
263415215253621542361
1624641642362142356
43245241351264154623
6414325345361256134562
45324163145253146
212653646524625312456
515365214361264513246
4152346252146523614
4245262312356245312634
2156461456216315246
5232514621632431526314
6235164531521435214536
65612613426461352614
134626531246125364125
41232425231243154623
162541353253465236514
312121214253145263145
326523136265463165234
421515213412561234
4251536265415613245
6125425623546124536
5263145312635263415
2456243525146231645
26513235131251642135
2421231654132412615234
5631564253254613245
12615642146135246135
24142642163164631245
14641231256241642315
51236215154614231645
25435614246216324631452
2325453543165253416
21245262656312451326
563152164126135142356
42513452615412523146
4162346456135412356
3161646561524164231526
25242645642461253421356
32461346246215342615
5456324125464312456
4156421342162345136
642523262346351463215
13514136421532615342
32354136534612354612
32634513541645361324
3565615235341362534126
521453143214531246
63512131325142613425
132614625152354613
6421323246354613563124
13424134145436415236
2463246562541324156
321426145635121561234
5414261245352161534
214565126451543621534
5646453215415321654
3514365342542154623
21325236453152162543
6416561614246365424613
1621414361526563146235
1523514351325462135246
641624235646542345612
1431523631243151246
64231463654654214563
656362145163214635
1416541623152365124
12462646253163256413
6461564215216413265134
4262432562513651342156
262452641235321541236
215246256354316542613
632125362641324132546
64234536235615324
651216426325312624153
4215612426364213561243
2523143423651431256
216153456354125634
134565163531453246
23125636256351532146
324312531516514315426
653452651362453256134
51545632531642561423
12321524616352142356
6326356132154351236
6465124516434263516542
24625412431631421536
12532345364252461235
6413435423154316214356
1645654123561245623
264643263452643563124
142146412153413256
2364314363215231645
526251512352356421345
15325165424156412356
56426424526154615423
453415625152145325461
461561521523625453612
2361523452315134256
12543463543152132465
362161652434253262415
345123253245215426315
62454615265142356
156134612631263415623
421654354613261345
3623516436251642153
14124526414513163425
1612156142534126135
6516125621541642314625
232451312135423546123
23613135456234624135
124153424535164365142
3254135436532435264135
315645651245616431256
4626363454621364512
1251545354632413256
1564513526241362451
5642613631626536452136
42413412352123125346
1236234131563526342156
1636126342316513246
1313616525132564123
14313615243624512346
34345424364345261345
356412151532341651342
615134632153164235
6412612641251264532146
6325632143246142356
651525232563421352436
2134512461524263163542
341246312434251642356
62361461563413562413
5124151645245153263124
62614245412516412365
41624253145324156
51325151434531624315
Total Moves = 20086
