6345215456513213456
412653215121643123641235
653431265342316143213456
16356245312563123251436
1546126243151213412563
241534523152341612345
152632546234123615234
6454364125413132456
635323546352432624231456
3123645146345345136245
32564521361421461523
1235645316121512341526
513121413465123261524
21214215421531641235
14316256314354641235
356434654213261312456
235451463124613243516
416243524152534123456
2313451413256412356
513214541642143136451236
623423625143523241356
124543264161452136
13234161232643641462315
32163264362523123564
4543562146413235312346
523521361621343136452
4161514652364152346
415352412643152312456
1513516145162512346
5613652562121451236
1436321245364121256314
534523243123215341256
56313253641546124563124
512423152624315213456
53465356512314512346
251645142314216152314
131342312562353142612345
14323123645134512361
25451452126534145236
62464513243412365241
21465361423152423451326
4345645235121625125346
2535342365215324356
651642645241365132456
634232615325412531246135
4234626156425134612345
462461312543251461235
164513521352414123245256
212325463265124123564
53456521526412315246
364135413642542321456
25152542152641351246
5431512641351621351246
2542165345321463521346
52465216256231245316
6452642525342132541326
145426464213645231456
31353456126321513456
643424165214653216213456
231426435243615142356
635142614235361245
56146152456321432561
45262141651412312456
26163452364123412536
65236246321423124536
42646452635625416345216
1235461435134625136245
32542431542152314621356
2463425413261563125436
43263412526142632521436
3432634324632613425
42143514513624132456
5324515245316412123456
614635123412635142
1512364231426325146236
3252425143521651423
1323562525145216234
342636421646312421356
5325164352315361356124
61643253263451231456
42645351263562641312456
435216214656156412356
4154532514251423615
1614132435632451362145
31646521354134161252436
543561265432341526
635416361236512314256
61513426215263241612345
451634216421421521436
4365652512453163412536
2656324523642461352
141532613651241531246
241514356415641325
2565136523634123512346
61245621362612362145
143251245613426453126
24215124624514125463215
451426215246152324612345
523435624165231456
1521363212425361251234156
512614251235123141526
42546313521346213241536
523163614324654121346125
6124353253164246135
252136143526431251413256
2463435461243124536
326354152531241351246
62421364526512324156
4642362153654324156
4616325243156243156
12621324135412612435
4265253624613421356
52126564326435245631246
42512326124365342143156
646342513265123456213
21634524163531513462
31424612631642312546
632356254321351213456
3245436126456341654123536
61245343612513246
21413154632546145123
23463534512412356
25434314562132635421436
365146543524615214236
1625213412363564123
516136461625163536124
6345623516132615234165
151632451246124312456
34245613262152415623
15635616516514321456
3215361245241614521346
14651634621253612345
1343524345142153241635
565346523613561234
45263215632352164235
261621323642314524136
3241625351463513621345
135413523452154356124
1653546562534213456
236134513125152612345
15241263514516235146
314231453523415314263
1645614252614323425613
35126123642156341234516
235143526243651213456
253634153564613512346
35453623416136512436
2156451435245623145
32423413654123456
1342653654121361252346
54316526412534362546123
626132165126531234256
6461653631246131542356
423135212345613641235
13415465123612412536
1312314525136132456
263241245261321413256
1234215162451632415
41316563246265132425613
6513215641423615246
543152462613254126345
34141526432614523462135
2342621564515312564213
564631431625315143256
413562645214265145123456
415424163462153431256
415216325143152514263
262615135426132135246
1512612146432451346
362321351342613254
43652162451623621215436
65324654654263465234615
362324564232541453123456
32632645431562361245
41461326145213241356
643156141613541235423615
532645642615213621435
324354165461545123456
235364136425623625314
3425361254165341231564
424163615324612346512
53642451562143251346
45343564562316234516
4632413532136126413256
412125135146151241356
143216154231641345126
1435642136165413621342536
5352546524356235324156
4161654264161431256
521631543651413253416
3452364362546132153546
1324231246425216541236
352452563546512124613452
32314256435624361341523
6132162153424215416235
26342512563621365231456
5162531265654315421356
12163625326146536241356
31345326215412341536
456531643256234516
53524351653145123456
316565156243161314256
543561634614521314562
432123413425613536241
1254632145125463412356
2635426153616241235346
356165421253413152346
3625452134126452136
51652343524623124352146
6454136325364312153416
4126513526214136124536
53136465326125135624
425362564146252312456
632162463256235413531246
12126453456413435213456
4265312325453121341562
31316324536142532351246
145653134621543152342156
5616123142341634215
2134623515362432412356
3246215316325412536
1354363456253412341256
6241353251261514254316
36516463214516512436
4326534214325236145
53625162146135134256
5424623234564131631452
31464315245312563214
4353265132514261532146
23453162345163124156
4136212624521341625
356432654352312434156
6354525463126312456
32454516234134214536
514132651212534561234
3124651346521361352146
62146352341234521346
2342513253461354123546
1325231356412314536
5254321534621531426
3212346513465162141536
42365143265142513254612
6514523632532161462315
614121435421436415236
43646412542513651234
41651653452161341256
634215463562412314341256
34564153514235612531246
25212645251431452136
52141364632546156423
4316523613126432512346
132546312516421523146
56124542352621453612
14321654345614521364
34151236264143521346
5464351265314512346
3453143462145142356
4312521426123562312456
4145214623614265361245
3645343215463125121436
4516323164216531216435
143261565421346254136
3252626453124212613245
61261412635616321451236
56212325612423512463
51435615214635231456
3523643413425632312456
3124625412563254123456
61346521435642321645
1432164561523634132612345
235616251264216451236
34364216146145236415
5656326241623212541236
5143165134623126251234
2536235246156326231456
154632156423121531462
656235641624163536214
51262364614312562134
215413524315214132456
1436312542162434235146
235256564214351245613
151324245613613521354162
652412534643651214356
265241231564152631415246
435243514562415631245
421231263421235246
14635346215432164325
2523634132132642356123
3512651436256134526
145623612316546162521346
263423153236154612345
1243612142635413546312
12351412612435246135
3146314652131654263145
2312624251346521413526
4235146214562361234156
5361463152136512345
6125316342561235143612
562454153242153216425
431263164325153234156
2146542316142325412356
36532143564312512346
5421642325654621345
265413425613423412356
32324523241352423156
362546245263124136245
23535452312526565132456
532146432524143134625
1264635413624153213456
463123641352645421543126
13146421542131235146
351463242313253145236
5126214256543241341256
512545624536143124536
315262514563215436
426341424346345214536
641512432635131541362
13124625362134256
462153424632141513426
35363124523542154623
4256462324621452136
6154213656435213412562341
3216321451642526134
431515262135213436125
163143215435142314625
53421431425123456
23526154143512641213546
5124353462421353241356
6461232641651362141356
5161426342135423251346
352616323451261452316
23426412353154143256
534152162346125431256
3524241416351213456
262536146135265123456
462536531462132513456
43256142163523141625
43546235243265231645
14362341546424213241356
145613634213251232416
4262451463216513415126
351546326546321264513
46232523513624126536124
2323614513641213524136
36132562146351612314526
2546252431543453613245
1351625614265412356
52163525312134163421536
36325315243514615234
3423265136426351246
13531612645362351435126
34215453251636453612
6132436531652346213214356
256351462512143613245
2464531412364153251246
626143124632415324156
26456235212514623
3263412564212635123456
263562435264134613425
261324356342314651234
32642326136123461235
6121353126314236134526
31342135123215621345
51412461354123126345
5642146135421643415236
13412635316213451623145
25315461342315234612435
4531542126151432132456
3532625265134162353426
263134123625432142356
253512436523514231356
2131526141261523615246
2564261652321452316
2524563643512425136
35246165215326412356
326134623641241651234
316263143162541213456
43136215423126451324
23151623514652316245
351652142541321341265
26465425615453612613452
4546525141251341625134
3243164124612462135
532516451252123462351
65634214252131243615
1365352156234124315426
516345615623641253246
624321463165123141256
6341352364535214356
364245351263524632412356
2326424151654612314526
5246462416512632463125
242423261465123456
56516215123161213456
5361261346236541325146
64515316325613142563
5636365245136213234156
46121241231456423156
363641263451632142356
5615343261531423456
3261365462153621435
2546245121416531463125
3643516234261361425
2621465231364132546
146256212416352142356
3246124616536421356
65256236513521361245
245165126132514631245
6252534142316435612345
6123163152165426135
451416234631253126415
2524654264312456123
254352563415312561342
63125316356234312351246
1342153645624135234561
12653421626365135236415
412564621631541234156
3535134216515413624
21454135321432514156234
426156351436315621563124
635314152631462312456
64352143614324612351346
4364346514363543261
63561535413261342156
3631342465263651451236
1245126246251361562352134
6412351654231421253416
2631416253463516351246
51534621562454235126
35364636416352143124562
143426154251612314536
524213462431621526314
2362536146345261252346
4324561356412431256
41421624365231624135
54621351465412346152134
1243563546236542543246531
361513545413625123146
2145361346513263215252346
5345152343641562513246
146152615362412312546
63523546236412451362
2126136426514651234
365162341543561531462435
6451536141542615461235
6325612461341234156
132465461324512346
52625134134562326415
153656562145164231
4315342563142635213456
451243456232146153426
214621245246135124
51242654261324512634
6242454625425324516
462351341543651213456
1263123456165324612345
212365153615265123456
265432121364132146345
121346154214261312342546
41623615623451412356
16362345615421232461345
545215364346216512634
1213134641312654136
314251325632161312456
14265146351356523416345
13645424263124516234
45152324564214265134
42465363423612312465
3146156361326134321516
124342625314251641253
13513625143212524561324
341246531524513215623145
3434323545361432516
3236165354312541364
151431613165215123456
1232512435621243456
362152423564251324356
252162415323456123456
363254612151421623514
35231523541265631245
41634256132462321456
545352164352614253146
126165154631325241356
64125314236236143125346
562153265346315143625
143642146341365341612345
534261563653124154326
46456321263524123456
3621264561321532146
12452342641523412536
513245231526461356234
16252314652135423624513
3546235612452631242536
1413546351364532615346
154256256143152463
4252164131412634521346
2316354362615632145613
15656346432515635142
54356541342642123456
521562631234612415613425
53614214143213641253
5424632514651424634125
6365162615345214536
264546236132514231456
43212323426325321342156
4162321365431523621345
1534243265126315246
341563254235214546123
15412362151623532146
616414625163542356214
5142453231526423142356
26534526124236145
32163123641243516
5242642315631452312456
26561415423124261215346
61626541623124631256
5423463413465362145
53136213456321436524
25412525263456231456
2435621632343256246512346
345132425641324126364125
362513214326351246
24135124652412134256
642562564123454216
356123543263541316123546
6142641452162341251364
515614362342532456134
2635621564535241321615423
431564231624134256
461536512356421356
2135312654632652134256
236356145312461235416
6321461321625625643251
561243135234513613452
454563246151341256
5623212625625123145216
513431454126312456
1236546151241235162413245
42151654214343651243
1454154626342512563214
52364514256316321456
56312362423613452136
1364212453642312452314245
25346251435621346152346
214623524631646123516
343563252143615362415
261346353231251346
4316156321236412341256
54121365216425132465
536143521321513653124
1465614154634215243451256
245463531452613156234
353412435623542514123625
134535126245361354261
5252461435242132162453
3236135141562321461235
43464625345126152346
63264514245346142351
32453652314625316245136
436521436264532541236
2126345323652412536
13625153641256423156
2531542136541315246
1321354162435143253416
41521243261541561342
5645132534635264312465
15126145264251231456
6536242142563421612534
13243416213152613425
1621514326451243526
545413636323632431526
623141235141356123456
463413134536214235146
2646561264136312456
3216165326352461325
462341362543154321546
3451452136156323214356
6126534632312461235
16316346125413621354
543125341245613245
2431541235643156123124156
315236216434512562413
146136516235624324516
1425654626514231652314
5121514363512134625134
563515432425341354126
54614645342126231512346
6514513435256251246162134
35642453163214123235146
3541341435164123256
54623435161362153426
362464641234512532146
541641513534652412356
264256434352132612345
5325362462134523146
31251564162456242612345
1423436532654123456
64623452314361213456
36263145212416512143156
1614314265143612451236
12546126356341612325645
614513252653412615324
3514636254321312314356
624324562645212456231456
315245162362416526345612
413412525654146234156
146356416543242526134
326521361641524631256
412146234214314564123
12561436414215153462315
564324165432142613425
3436154256253613452
6351656123514314256
4325256421362514326
62464361653412126531246
32412641546536123456
121524236413563213456
6263543651214562134
32426152562132413526
14514126414612352146
252643615234513642135
5642641635213241324156
652312563262132461345
54143614625461423532416
4646535612452412356
3613435315624361245
53162651213152142356
52613432452135413526
52641525434212645312
2634165424123531463512
6315145643213615245136
352462421326132153426
16346156324212341514236
4165261262463245123456
6134652123624512341256
34352364352134321456
2534125634532541362
1432435612365162413624
6253524154612341351246
4241321235315465235146
132523546164514312456
142565121356421631245
52515463412541623456
43421243254136245316
43636135125432164532
5631436243624341261435
3621342143254214623145
531363254152323654123
5645214614365431526
6531243652315462135
341632532541635412161345
62132613524353214256
536521631456121425631
6121564536426123512346
41364152412652413
151241361632162516423
5126315613421514635
653543152165261436254
532342625264541361245
164523245426142345126
34323525123426151231456
5126436215316412152346
35642134353263452136
621251262362453125645
42651262156345623145
12131534516312635631245
364542354625163124546
35256325461245316
6525634634163251364
636145312153264615342
16541652125134214563
264312342356412132456
42516162143253136245
35456125342562162315426
5251536156243516325314
54141652415652361456
321534146124236152346
3123413251362131245236
5642145326416345123456
46125342354132631524
254262356145361235246
25362163461325142356
62131215246412315236451
63153215421346351234
432426236513621632143256
56312612345251324651234
3542362312641263514326
262356463145621234356
1453514315142631245
45362356125462152346
6421236316346245145632
451364253541245213546
4243532615243425236415
4531612124362153531624
243215426346154236
241641235412314351426
24345364315324352136
16431532623615241423546
1436213465324156213456
424212431641532146
31413562314263156325346
5234561646212531246
42613215162123654123
2452343162414352146235
35326516513641213526
35424143125625631245
351351632134321526134
6414153261435134132456
215315431216214264315
35153416134651261213456
451356124364625631245
2413613545134254123456
6464325626312412563
1623524612613545261362514
245315413643512452316
31436524532641523124635
1454634513516351462315
324235123212452642135
313632363135261324635
463526431454162534126
1321542425346321324523146
235165462534121216345
2415321354264512436
145263624156312125142356
262635134261253123456
36431354612641251346
5652342615235642313456
123213564132413612345
6162635314324621324635
146523264153123612345
623651465234612345
343541261251423152346
62463151562315213456
4121534365423515654123
531423621451623145
3524653521423612435
5351214632453641256
4631265214621253426
24235654246323125346125
5363131524565413256
1315625421325614235
35156436512461352361425
35461542164123124536
4143624142651524321456
616452634632416541362
236235426523152614325
36461415324615134251346
42363243546162356124
6563254162356314213431526
3643462135123523416
53245365453512312645
1634123165265131413526
141634264651234651234
463652416514153213456
1425341326412145632145
126324516341632561342
423651324513623152346
2414531235613213624135
62316321435623142516
353132531521652342516
351645361461325415423165
423646512652412361245
4343256152461352346
521412651423456412356
32413432512412631542136
53151513624123263413256
562145132615465341316245
61234563531265423526134
426415213462146523145
521636153243631425
12652423152412623145
636326343426253541256
356356364612531413526
2136141634523652416321456
234534524624563124
3643631421562145635214
614264612463421561324
252436254132652463125
5312563152452341256
23516526315321612534
25126451251316321456
12316123542651342612356
13561341625134623145
4642534213535132351426
653134164634123561234
653123561651364213456
614545126514532423156
2521525461256124261345
51632432514314534126
636154264354152436
63412323624314512436
31523634516231521436
36346124154325125643
14216216341543561512346
3126241365612654234156
15435263145612454135246
4631421635123142345126
52642145146132621534
3653512634651231456
5641512636123613152436
4165624514126315631245
62545213513642152413562
12626316353215461235
3645462352125451236
152361524613251456123
21462361432546246315
5146524561342542346215
3436162464251421312456
4646363564312612435126
6165426152341653521312456
231565341215413241356
2136345312462124635
2641621542614316342531246
452562142451241623145
345243656325164124356
241543251631214351251346
261654635351632142356
6453254126351421356
52346215315463421653
2454234163142521346
2535426435212362145
35215164631421462315
6435431516461612345
1645354652313614252346
542362152614236415
43524153162562314256
16241234536432315621345
6525345165326415123456
424525463162516234156
1514513421342512346
2421545364351234146253
53126514123163234513236
62143526412346324156
3134241256431213512456
2432146241234612451236
1353251423414326254136
41635423631561251346
6135645243246412356
3413516435241263234156
235123415652313465324
14652361421521612345
3145261321346152346
535215413251636521345
4614216341526151425136
6543621345126435123146
2365213164513243156
64146345213261412363245
1351261621365246532156
21245126145234625134
135131541631423651245
32645125163512435612
543452564152416314235
3254652145234526134562
62454621421524631245
1612651431541252615243
236153564162313452416
51532154251246523146
654312342631624253416
24524513214613124356
153435134256152346
32312564213421623145
241316152464214231526
5346362415231523461235
3232631562341356142
2153416245432641231456
263415251253621541236
16246416253135461235
432452413241531214356
651416243612161253421356
451632654162523146
212362646524354213456
153652163465261431256
12131465216215341625
652352145325231453416235
21564614536245124635
5132524621632431526314
6365414531521431215346
656126215423421461235
134626153641265364125
412324265231234154362
162514535361251326514
414123214253141526314
326523513626534165234
4215136253412561234
42353654163512451623
61253263145234251365
5263164525163234615
245613652316241325146
26513235131251642135
242123146524132156142135
56315641423425613542
12515642146135246135
241464352642312512346
14641231526241462315
512362154653141236245
23134526424621623143526
6325453543165215346
212416265632123451326
56315216414231345132456
4263462141521214523146
4162354656135412356
316165143513465423142356
252425615621452135421356
324613462461215342615
5145636254164312456
4132162421345216241356
642564321512345214623415
135141236421352314256
621541365326132354612
3535462135412536412356
3425612341363121524316
521456453243515246
63515234351256351246
132614612513452316
64213534125431313264512
516243524145134161235
24632316425212324156
321426143512314516234
5414261352142351346
21456253421645134153246
564612531453521213456
35434145435215416235
41325236453152162543
6414526312463651432146
16254143615146213246215
4512351435132562315246
6416242356542351561234
14315231461531321456
6424313654654163213456
6565326451462341256
1436543132635142356
16362636416523561324
241613641521615413213456
4312416516263651342156
23624526312315321241356
2154651325163512316524
632346365413254323512436
64234262341651324
653231261323126431256
4215635243125413124536
2543623243651431256
21621565346263452134
13456153612531232456
532415362365313521346
312643123546125123241356
653456251362453256134
21545262316452451236
123212652462321514236
6463561321523451236
6465124516425631432516
246254124346131421356
151561352641243543126
6413152641231624312456
15624365123541234562
2123646214346241512346
1421614623512456231
23643134631215231456
5262652431235123564123
154314265461231254136
426136425261543612543
456341515612346235416
46135634165421532123546
2361623452361351246
12543463541532132465
4625431643146253153426
515141345421354124563
62465434261514236
1562534532634312532416
4216354234613241356
3623416534152623145
141562641365131563425
16531654645123412356
354264256315416213564123
232456312135432546123
236132635452314362145
6241532635134536513426
3425216542143253213456
3426456132415312352461
462634254615261421356
1251314542562413256
543262431625132412356
564261363241236231462315
42413412315632124536
12362313653162541461235
134626342653151343256
1513616132512432516
652143615431634251346
64345426263546145623
35456126154362516513246
61436236165431461235
6452612623214634512456
631524612352426234156
6514526521246312541326
21346354214636432135426
3412561346142151342656
623614656241341546123
16546354621453124513246
6261324563412431465123
516242513614151236
241654316342316243156
Total Moves = 21033
