6345215456513263145
46465321364162543614523
6532142534236316245123
1631354563152346231564
4216126241351236415326
31526525641613425361
1261325461523413652
145234535416532146
1236341614523264315264
312364546451354264351
3531253624513621534
123515312162153416325
54312143465134621534
2121414215431642153
14316256314354641235
35653465421561314562
23514151613412564312
462423564156315264351
541345145364231564
513432654163462315642
623421625143523641523
124543264521642315
143451423643651462351
31235162365316245163
654356216464136532164
52321531416243165324
4161514623564153246
54535241264153263154
1515165461625342316
561365256124512346
14363212546351216345
53452324136342154632
563126234616531234651
52425436231461542136
53465356512345123654
251645142315421634521
14134231256531265342165
14323124352463152641
45424562135214561342
62464515364163524163
25465236124263562143
31656535462156425314
2535342365215645362
65121652343645145236
53453253261265423615423
42346213641364234516
4624621634125326514
1645314531632451654321
6132561246354215643
5342146453214562341
65364135453241652314
26361542152636142563
543154346413514246135
25353421635421436521
52465216256243561234
6452642523616324561432
145426346136524163542
3135316531342536514
646316515615341236541
214124352361523145632
635142561452361245
5614136434561326541
4515231651412631542
26163452341623415236
6516346321435356241
4263456465356213456421
12354634146245162354
3254243142152316213546
246342413451643254631
432145426413564125364
3462634326346126543
4243451434126154362
53241425162145632415
614235124312635142
2512345323246325164326
3252425143253641235
1323562525145263241
342636216426315456321
563251635245361463251
6164325243616542136
5262535143562631251463
315214652365215641352
4154563154251462315
1614132435632451362154
316424343642154213654
54235265412543162
635416361236465264132
6151342625163241623514
45165216415214256341
436565251243613642513
2656324523624516325
31423264135241632541
241351435254136425
256513653162354153642
61245621362615324165
1452565453162531462
2656234621413542643152
4321616465423624136542
523435624153256341
216151525262315426351
512614251563523146512
454636523516243641532
54142612342654136451236
6124352356423165432
254543641324653251364
2464356123431521634
616354152563514235164
6242561436514523641
4642131254126341526
23524624513231645
1262134625435264135
4265253624613463251
632653214625426341562
36461254561356124325614
62342162564125364213
216341241635315421623
41536136132634521364
1624542314513621456
5454626453562412534615
612452413625143562
21414154635246145321
23463543165423561
2543145635132635421436
36512654356562145623
1625213412561432561
516126461625164325461
634562151634165261354
14132426124132615432
3424164135265124635
54543545612654346125
361536424124531634521
4651634536213254632
142343514214354652143
565346523643163524
23163215632352641235
2616213643426153642
324321625264313642531
135413532413245631425
1653541652463132564
61564531341652416352
14246234654165235416
31423154352613654213
162541412536243561324
3512123263142156321546
23213261543612456312
25634626415613561423
35656523456136512436
2156412431545623145
32423413654214536
53454545165325415623
5354124153643625641325
65216131262461325146
636326253236413546213
46315214561435421365
1545416524136542316
1432412453615642316
2632652345261345126
1234215162541634521
4134642363245614362145
651434514564251346
645152462613254261354
341541516264534152436
2352621564521346316254
564631431625321465132
41356163454132451632451
315421654312545613245
41465635614356251243
2351513526435261345
151216246454361245
363213512343625143
651216235163261524631
6532465465264165234516
364654521435621254361
3263451254636214356
4636161435214536412
643146126316256124635
53246415645136241536
324354165462145324561
235341613645263416253
32436531523643123645
424163615324162516324
53646245156534256143
4534354562361432516
46516231235216436251
453125135146215413256
15216241535426132456
16346163151654136425361
141651642543624561243
4161624652463145236
52163125615345612543
341352132415361254163
132423146524165243165
3524561354365426145632
61425635624513461523
131616434542453641352
26345162536135643213654
64536216513452431562
1216365326462536416352
3134531653462152346
456531256415342651
5352353426531651423
3165651562463153462
64356163464513642513
5321234634514264531
465414325125636416235
263542616432543651423
356165242152413463251
1625452141326453162
516523435246516243156
645424245236412154361
2651532146213415263541
5313236154362564123
43524641256354123645
6321625146345123542613
121251612456134625314
426531235643261546321
316415234536423512654
1454151241542165432165
5616123142531465321
23462516232451653462
3246215436435421536
13543635241563154236
324135326516314256341
36542163214516542316
264365431435261534
53625162143624352146
542423162354613465213
31464315245312564321
43525132514216536241
2345451346251324165
4346212562451346215
65643612615324653146
635451254136234156
32546164234134251634
51412362364324564132
3124651436525436152146
62434526154634251634
352513253463514526134
1325231356412536145
5254321534621536412
241465313625412613452
423613423651462536412
63212363516146253164
61412143542164351623
43646412542516523146
31651563452163415426
345635625135435621345
3456415351462413561243
2512642514352416543
52132364632546156432
4316523613162423512643
13613635256342153416
56124542352621456132
14321651435164521643
3415123654314526413
5645625263514516324
3453143462145146235
431252141365213564231
4145214623614265361542
36412656321546142536
415642314216352164532
62526362642356254163
325262653146524135642
162625361465163562134
5621232421536142356
5145612465325641532
35235342415632432651
312462541263254362145
6121612146534216534
143214356453256162342561
26161625632542146253
343421516456431526
565632626514236256413
53634243262516341523
253624152463263514362
154632156423512546231
65623564364251536214
5143546425143562431
21545243165134562314
3632315423521346251364
235251456413251634251
52514542145635213456421
65241543642365142136
465241231546525164352416
4356435641253264315
42121634142365241
14635364324135621453
253634313215264351362
3542621436256354126
15262362316541362531642
212542546532154361524
4236312142643546132145
42351416412435426135
3163145415216342561432
2314624363516324365142
423514621425364231546
2464631452165234516
51642145265236541623
564523141234651263425
4523526421452345621
213515231642651352436
36532165643251254361
56251435625312465
2654162463541623415
32324523245461342651
36254624523165316425
2353565654263451326435
6321413652316465312
126465423562432154613
463126513542123546321
1312151254312563421
31436324652631452634
512624365642356213456
51245624543246312546
315213623515463251
626341452436341523614
6415365432615314623
23124652362134562
41453164213451462351
35363124523645216354
4254623245624531264
12543516132365234312564
325135146231546231
435351262135462314562
1534365243254316542
53421431546251634
2362615415352164235164
514353462421563462531
6431232641651362415643
51614241543213645126
642616323451426532146
23426412353542651234
534152162346125431652
624241412351625143
253641461352614354621
46536531462132513645
43246142163523141625
43546242614353264531
3262354126421514312645
1456136341512635124
421241463265162415326
35631252613265341265
4623252354634126536142
632361453653212456132
3613243465263543136245
254625245314524364152
1351256214632561324
5216352531213451643125
3635634524153216534
3425326513642351426
121521425656312635461
542154532614365213645
61524323653235461345216
25623125134263516243
2464514241264325135462
625143124563415326451
242513456312514623
313141256145125365142
2652352641243563124
26432456342316541234
3264236126513261452
612136461523632431652
31345135123415642153
5141246135145213645
5362154361434256163452
6251253161453216453
3532541346123546342135
452154321546132426513
3542126354245416531246
263534531265123465123
2535156135253154623
213152163615362142536
35642613621562431
2524563643512426351
353623153265143256
146346236423124651423
3162631626543261452
41436215423614536124
126526216345316245
3512634235145246135
26265425641546324165
454652512412516315426
324351264265162435
532564536252124236512
65641242131526412365
1365352124634125461324
51653456124364123546
624616341352462135461
6243521356345214536
3642465163514256325461
2321424156246345213465
52464215416325416325
242423261465123645
563431512531643625
63612616125321452613
6451536132534631265
564636524531246254316
46213234124563423516
56346126352142435612
5615343261531423564
3261365462153625431
264624512456231463521
36435463546321615423
2626145316315246153
14652124621654326154
3246154616356426153
6525623653216524613
24512154126324615342
43435461421465342516
6123163142531456231
324216234631253641265
2521413264312546132
26125123453213564321
63125316356234231354612
13462543624153456321
1265345251614324516234
41253265314261435612
3535134215321463524
2145413532635143624513
63651562325134216523614
63514512631462453216
643521624613532641635
4364314634215364251
6456356146423156234
4523424652364154523641
14126261251365134235614
6415351654236215643162
363265323564351261345
51534621562454236215
536463641641543215642
124246124561235162435
52421346231451256431
232562146534612534216
652324641325142635
4124516214635214356
563654624135214653412
14352154616215453624513
36151354542136125341
214536345132465134562543
564516361431563412356
1461561536451264513
63524346243156451236
2326136425154613452
3652634541563245146235
6462436141542651432165
635134124614325416
13246546145325164
52625134134536265134
153656562145164231
561325631642635214635
451243456235415632146
21462125246135124
5124654612531436542
4243454625425346152
46251361234653126451
163123456153126234516
2123435215635142635
26543241563461235641
12546415421426314256342
41623652136245231654
1656145646234512365412
545615364342516324516
1213134641362546315
31425142516361354261
1426514362652435135642
1364243145123516423
45152324561234251346
5246536462361526345
3145323646316215643125
12434236152316145326
1351362145625124315642
1246541542631253415623
3434323545361435261
3236165354325413654
536431613156425146352
1232512436142516432
16212432435621432654
2521245621562342156
363254612151426352146
35231523541625631245
5163436154263213654
54535216435146215463
326165353416235416235
641434261423453156342
562153263432625123546
36324126431365241612354
534261563653125145632
4645216526352431562
36212645621536412
1231534261534651243
53565631264164351263
1625623146321413562143
364515412451362416532
1413546351364532615463
154256256143156423
425212461412634521436
241435436251643521364
656563464325164365214
54356326412532462153
62156263123412562134562
5361421462134125364
542563463412643564213
636153615413241653
2645462364514526143
461232465426321435261
416232156543524631245
4641424326512431625
34156325426152453126
1541236421516235461
12315161543236541263
514245323165251456231
125346126534251643
32163123641245361
5241432134256413562
326141213451256413625
6162652634216253641
5423615413241532614
53136234154321465243
25412525261356245136
24135236161432641325164
3451324513264613426514
351321432165234651
3152531424654124356
64256256541234561
4165236513231456315246
612314524514356214356
51561232652351462315
263562356241536421563245
431546231624154263
161536512536421365
213534312546352412635
246352561453142615364
636142456135213642531
562435132165426313542
454563424615341256
562321262154235463152
513431454132653412
53645615231431524632164
4216125423143651423
142415641264534126543
52364154125631652436
5632326421342653412
13642141546345214625341
62646514326436152643
2146124352413625641
343562532142361536241
2613465232156341
43161563215241234651
5423134651642316254
5361452356432136452
54626163541354265124356
365463524352634162354
353414252365642541632
134531526432163564231
52525614124625431265
32361356241625364215
46464625345253614526
63245145124363425316
3545365231463162513426
5615346513264534162
2513216531263421536
16415151341256431625
2521542162534162543
151625342435136234651
4154542615431654213
2145136563246351542635
15121652546325126453
65624546326345361524
13263416214312536412
1621532614316512463
5454361362352451634
62314352413561243652
21341354653214325614
2643561265416312465
3216165326352461352
162323625426341254361
3451452361561321542613
6126534362412635412
16163165415342465123
613125341245615324
65413425643143253146352
32536264134562143512
12136165621564325416
1425654621652314526314
542151436351624516342
56351543242543156214
546346453425612346315
6513134261532564165324
2564243515462313465412
3561241435164126352
64623435161362153462
361464641234135246531
54143215356152436215
26265643523652136425
53545326315425361
31253416546256423156
1423436532654126453
6462345235436152643
3631413652645123145623
25623124313654612435
125141363142652365134
654514252653416215324
351463652431645312546
52324314562136415261345
3154525324312562435612
4341632514625624316
53436316451342526431
326521461614526345162
41216246214324653214
1261324143651251462315
56432416543626143256
343525631265345216
6351656123514316425
4325256423152516234
526534123261265436125
3241234153625641532
151534624135623154263
6263543654321452631
24261525625346142536
5251412641643542613
252643561562415346215
564621632145624361542
652312362642135324615
5365614253141632534621
4526235612425643215
3531265346142351462
5316265121352164325
6412343264132165324
42121525434216245321
1365614123426351465123
631516456461263415623
25246242132653416325
25346321563241423526314
436521431624651253641
613465312365341235641
34352364362541235614
2431231634532541632
143246351236142613524
654543541215613524163
2412434236145312546312
132535263641654312654
142536412156412631542
524214641623541263
43421524136235164325
43636135124162352416
3431453624362653146251
36313413214526521436
65263254156534213654
564214613453612543
6531624365123462153
3143215265132541264315
62132613542316521463
536521631456124351236
561256415364251342651
41365152412654132
15124136461532461235
512521561256342156
65364315216254136254
53234535256416345126
164543245123546215346
343235425142651234516
5126436215316412152346
35642134253264352136
62135264531646521643
65351262516345625314
121361435121461324561
3653436536425124365
52532563541256314
6525634634163253641
641545312532623456132
15153421254356123645
23431425621324165432
23616162142654135264
3413253154256154361524
3431426543163243216543
5414165243165312564
421534614615623152463
3135135264513623154
564245641563415263145
612341634153256314
25426256356346135426
25362163461562134562
6213125464263415236451
1532531542143645231
434136234164326351423
536153623153643261543
354231264312416532461
262326463145123563421
1453514341625146312
4563614254612634521
64212543631634523641
451364156235142165354
42465321524534624135
4531631215436452135462
243245136246154263
21542341412354126543
2434534631652314265
164315325162314651342
243145346324156312456
42421243642156324
3143631426343561326453
254561646253643126
42136215162531641253
2421436453162456213645
52515162351632451326
6542416356253413625
35123531632413645312
63154126326534216543
21535312652143652431
351542126312651236451
251356124363524563124
14631345615426413256
6464321362634514263
163525462563545631521643
2514314536524563124
343435463512363641562
1431363625635612435361
36235652314563246153
413632363154326531246
46352643516234653241
13215632425362413654231
15256465341642531264
2615262142365415263
14563624615213521463512
26264543624512635421
36431354612641254316
565434261245316324165
132535645132461532461
626412514563214352614
15146353612341245613
63651265326346152
341541253423612514326
62431451564523165341
41323152314656143215
531423656145162314
3524653521432614523
5351214632162564231
463126214623451236
2423563643253125346251
5363131524565413265
1353625421352614253
3564131534562341625341
3542542164235165243
414362561423152365421
61264164232164165432
23643426352312465231
3646141253125135642351
42363423546145623614
65632541416346123651423
364346521643563124
5632543563125413652
463412316526531415263
161634264651253643152
46165246316321534126
563534314126345215643
62646451634132534162
46365135432462351624
2414513451235624135
6231632143526325164
35313253152653242516
412531621465362543126
62364651465324621534
4343256152461523546
52141265234135421635
324134352363154126315
5315151362415232615423
563523425163514651324
4356465634531652341365
42641213654165234561
521456153424631542
12653142354214623514
636326343426253651642
35635642515345216435
61361416345235461342165
23653452624563124
3643634125615632415236
61626461246453152643
64513424125321624531
5312516312452346512
26516534515243625431
251451543563215436
163161354615126354126
4543456251254163245
414534125461362514623
65313416463162514236
656465613451364213546
642535124514325463125
252156432153154261354
5163231462513142563
636154264315462513
23412323624315463215
3152363465214235164
36346124154325126543
141643541361545124365
3126241365612654345162
1436523146432541365264
62312163526561543216
5264216451461362534
3653516234515264315
56536346231326514263
416563626415426365124
625652136515234513625
14626316353215641325
364546236512645123
15136345132562415632
21462365231625465321
515145423461251632451
36326312534632512346
464363532146514351624
632415321625143153264
23565161254634215634
2131241235126542361
4616254613141261356421
46256214253214654321
16563652431516245316
25614325163423512536412
26165631351632143265
2453254126352416325
52364215315436421653
2454234163142534621
2535426435621235462
65215164634162315642
6435436516462135264
365354635413614252634
56564152614264351
43524153214542631452
16235261356423146251364
652534516536425124365
424525463124316356214
1514513426124543162
242135242436531264531
536245141231536243156
64134312342615364251
343434125164352364152
24321462314613521634
1353614612143652416453
4163542365623145326
613565243246531462
34361635264163251634
241243526134516354213
54352361452541364521
3145263215346154236
53521436516326543152
461421614341546235164
65254361531426531642
2365261351543625316
3414634613246354261534
54643641634562431652
21245634153152463152
13541313641526532145
3236451325416532614
643525352464513246351
316524563245263561254
6523621421635243156
362541462563126542631
65625356164562132456
5131262545163524316
15231234523146324561
2452453124613145632
153435132614542316
1635254264215243651
21416316263542614352
534652324153254365213
3232615246314526413
21536513542641324651
263415235253621542631
1624641623625142356
43245241341536152643
6521232361542613452631
45325623154253164
212623646524652315642
515361526164532146532
4156146252146523461
4535262312351624536142
2456461456216352461
5232546261652431563142
6316414531562143215346
656126213424156342156
134624536412654312654
41232425231243156324
162514353256516235416
412361214253145265314
326523136265643165243
423515213421564321
4261536265415613425
6125425623546124536
5123164521613264531
2456243525146231645
65613235131254364125
2421235312632416325431
5641564125324613542
16515642146135246153
261462352642315642153
14641231264352634152
523426412315164125364
23163145246216231452613
2325453543165253416
21245162625634132564
563152164142653214536
42513452615412523641
4162346356135412536
6121643241251652463215
25242365461251421631524
32461346246215342651
5456324124564312645
41321632142165435162
642523262363512341652
565141364213165423164
32654136534612354612
32634513541265362431
3425615235613462532164
521452642532164256
63512131325452635142
132614612513456231
6421325413453621342561
13424134145462163245
2463246256413245136
321326143561321563412
5414261354216523145
214524126451543621453
56514531245432163542
3514365342534215643
21425236451345612543
6416356312413625423164
1625414361515621346152
4123514351432562315462
6416242415241356142536
1432523631524365124
64231463654623215643
656362145163214536
1436543152635142635
36462646421635462134
2461564152165413265134
4262432562513651342651
264632641253641542136
215465153251345165423
632125321365245431462
64234262534651423
651216426325312623451
4215635243562135426134
2563213243651435261
216153456354125463
424561632635143265
231543625364156342561
5245625315164532614532
152456251324653256413
54164532431642563124
12321524613652142635
2354356132153456213
6465124516434263561452
24625412431361425631
12532345364254612435
6131563154231624534162
1615654123561234562
2634654614346524513642
142146412153461235
2364313643253126543
526265243132535642513
15325161424516234165
464216432615462345163
451631515613245324165
461356341523625453612
2361623512354261354
125434635413562135462
462161652423215346521
515141654521354216345
62465434621562143
156351346263461536214
421614354613264513
3623516534626431256
141562641342541364253
1632156142365142356
3426125621541642314526
232451312135423546132
23613135456234621534
124153261254326165423
3254135421526352451643
315645615243621356412
4626363454621364215
1251545432546135426
5423623165232413652
36426136314216536451236
42613412315632415236
4236436136154362125643
1636126342316532164
1513616132512453612
14313615264324512364
34345424363453261453
356415456251364254316
615134563215614325
6415612431251463452416
6325632143452316425
653525232512463156324
2154512461524316354261
341243631624153421656
62161461563413562341
1654635164524513263541
62613245412516412365
41624235145326514
24165453213416243156
Total Moves = 20195
