631252154651236543124
5126532164126513425631452
6534312653462135642136524
363451324531634251326145
154612624315246351462531
24312652315641326541235
152613253461523416253
645431542635164213526
1631641523612435621432564
3121645146326453162543
32564521364521346523
1235645316215341625134
513265643153425631456
212141536415234162541
2431625631435462143512
356423465241563241563
2354314635216435214635
4162356414312653415623
231345143126536416352
513214361425632431652
62342361514632541365421
12454326451362154326
123451423654361243561
3216325461265324165324
46435621464132654132641
5213151461243562143562
41615414652364153624
5451532412643152631452
3613516142516345216435
5613526453216542315
1436321541325634621536
53452324631253461253264
56313645126514631256341
521436521243514261534
534613561235124365143
2416514236312541652134
135346312564231652643512
143212465136241563124651
2545415621345263145632
6254316432536412534162
214625361242635124362
434565351246315642135
25353421352164536241
651642642153465124365
63423261456235146213524
42346261435216434261532
5624621634512536412564
164513524613513465261354
2613245632162453216453
53456216435214356214
653641354612352461532
25131256415261342561
54315326413512463561425
35421645345312463521463
5234652156231425613426
645412164356235142631456
165416423561346542316452
351243163152346513246
6434241652134653216456231
23142543523645123465132
63514261432561432561
56146126453236125463
451256231641265314265
261634523643156243136
652362463214356321645
4263545263156241345261354
12354612435146251634542
325424123546152316523416
546345241345261643256143
23263415421365241365412
3462636124631542163245
42435134612534651326
53241426516425361241365
61432641523416251432
15123642314526324516326
32524251435126345213
13235625134562413562
34263416532145643126543
563531635245314632154
616432531562134625316
4265416345132156234165321
3152416523651264351623
415456321543615246351
1614354256342531624513625
316424365243154625314621
5435645216325143652
63541342165365264132564
6356132425634165326413542
4526342164215342615436
436321521362435623142653
46563241562364513526
31462326135415263142
241543526314562341
25645136523164351264351
2124562143652143625143
143251624561362451326
2456521453612543216534126
143213615246135234621354
5263512654321653426513
1521365142562315642351623
51264325126354213641526
425631436216354216534621
523142613465241326154312
612413532546231654234
2521361435264314652351462
24634325614234156234
3264141532563412564132
1513614521631452364152
46423621536543214561
46163251456213456321
1262134562341256431526
426525136246123562451
612645326146251432631465
4251232612436531542613546
646342513642513624135
354163426135432615432
314234613623452163451264
6323562543216351246135
3245462613546523416543625
6124532413641254316
214143213546135241435612
23463523154236514
25454351632635412634516
3641465264521635214635
16251213412564325164
5261346152615364251632416
63456324164126534165234
151632451624312645132
34241231526543126543
156543145612654321564
361536124526135416352164
2465132651436213254632
142543564214354612534
56534153621543621436
4526326435621354126354
261621324561345261436
324362516431256431521463
1354613523452164235462153
16535436516321564132
6156453126513462513425
152462146514523465124
324231453624513625413
35265425614325461325416
651236213654251631425163
235143526124351261345
2564353616524615326143
36523652314565312456213
215641351426531426354
32423413654215364
1342653654216531246532
543146251364251635426132
6526143265261324651324
62463261563263452614351
423153621456135412365142
13452146524136524316
1432413436156423165
265342615234526143526
54616245612416354216325
413164236451432451643126
65132156143521462543
5432615243162516325436514
341415265432612432546123
2345621563214365124316253
5646314312563214561324
4354526452146351243652143
4154241365431215643521
4165163254316532415326
23254251326435124563
1512612463451463251
3632135123465123456
416521623516345216542361
6532465346542631564325613
364631524652143615326145
326312546316542365123
414613261452143625134
643156126543162513462513
532345642615236451234
32435121645241632541653
23531421365243615246315
342534615231634215643126
4241652615324612354612
536424156215362543164
4531454634215643621543
46132436231265243651234
45312561351462153246153
152165423164315426135
1435363125164315436256431
535254652436215346123541
41616532641625634152
525631545615325641253
34135254132146532156435
13242316245624316542316
352456135463512465123456
323145641235362451362415
61321621534256134562354
2614254156362145236124536
5162531426536431524613
121636253261435642136154
3134521653462145632
45653164321536415263
5352435163215346512346
31652651543265142364521
64356163452613456234516
53212435146351462134512
46541432512463156241536
2635426153265421365432
35236531452415361243516
16253416262315423621543
51652341352463152643152
645413632415362124153461
4126531462141365124536
531364236154326512463
425235641246354132654
6321624635162354163524163
12126453456132645214365
426543123564521346156231
363164235614253416325142
145415462154315462153465
5616125314231645231
2346243156234521642356
324621536431523461523
16216534623162543614253
623563252165243641256314
3654152346154165231463
2643654312453624156
5362524615412654361524
542614534621564315264352
31464254563125643125632
4356234521651432614523
234562153412356241635
41362162456413265143
3564326516452361436542
63545265432156341265
32546514523162145236145
51412365231465234561423
3461426514632523146152146
6214635261342516432516
63425132463451645231645
132562314562341256351
521642153426153421653
3214651346251426315426
4246134236512462513462
65145236352641356214536
6541234615342564123564
4364261364526352143652
416531261534362154361
63421546356241356423156
34564154613254612362451
25126425362132435614
52142364635126543156423
3246265132364516423546231
13546136523164521356413
561246254135264531264521
14321654312465136425361
341512365314523146532
54643152635145621346
34561434621534521643
43125132142651326453124
414521426356142563142561
364534321563425463124
451632316452631245632451
624152346152364256413265
32526216345236154326451
61261412536146352614235
5621243261532463154
515426153246512364513
35236413253145623142563
312462512645321425631425
64621345243261453624516
1432164561536241326153426
135616251264531645236
34512641631546324156412
5465241632645123462513652
53623415162345216354231
2536241524635126431562
1546312456214351624316
65643263142546312564132
512634653142561423514
215435264315263451634251
36323125423162432512643
235254364152615346123
1353245456153421634562134
6524125346342165231463
435241231564152653452146
4352435146324561354251
4212641235641235462
1461253462154364521364
2536431321326453615623
35126514362561432562
1456236123163546126354126
2625325461352614235461
12436121426345132645312
123514126124352641536
3146314652136452163456132
231465125136426514321654
4235146214562364152634
536461352612431652543
65254623421563125641236
5624543123462156324251
45231634231452341652
21465423164532346153264
1465321543216245613254
542136432564123654126
265413425613425341562
4645324312356145236412
362546213426451362451
6212616523452612345163254
63213465412631453261543
126465432136251436125346
4631264132154261354261534
13121512546312456312
351465321643215246534612
51262354365241325643125
5125452463145236214356
321526543615432615324
4263414236453241635214
641532465312543615243
131246253612345621
462153426513456124356
356312152365423156234
42564516452436241526
1254213656432651364321546
32516251463521463543162
431515236512435641234652
1631421365432641534261
53421436142536412
235261542165321462153426
5124353462163452153642
61612326451651362145361
5161426354213452614365
64263163243514265312645
234152415235614352146325
534152162346125431265
3564214135612416532415
36253614562135264135214
46253164256136241356213
432461325461235641235
4354624535612435632415
143623416254124231654231
26256134235415263124536
4263154123652316542135264
35431521634153261453
4623251626351425642361425
64236145312652413625143
361632632543616513245612
254625243145623416523
1351625634236561324
52163524634213451634251
36325315243165234516
34253261536423154621
142526142653421653264315
34215452635214365231645
615243654153234621534621
2563514632512436154325
24645314612361453254612
62614314524635413246531
2645623521436521634
3613412561452163512463
26356243526132456153425
26432435634214563142365
32642326125316423561
61235364152436215432654
3134651351234162435612
514263154135264153624
56421546135412365134625
62512531465245312635412
2531546126543125631456231
45315421261435216423516
3534562512453164543265314
26313541236251436215432
253512436523164352163
2131526143513264153426
2563416215321465231
252645123465312543612
323654165326514362543
1463461264135261423546
3162635124316254326152
41436215423614532164
231516235416534265142
3516542163542615431256
264615425613465213645214
45465251413624561432561
32431642654123615243
5325162453625141235642
6564134251362413256314
13653421563421524361524
516534561243641534256
624616314562134625314
631435236514635214536
3642453514256324165342165
2326415241653246132542316
52464215643126541362352
242456132465143261524
565136515431623514623
53621325164253162543216
645153163256413265431
56453652415362134653216
4612132645241356423516
5634162543126524135621
561234326153642514362
326132656324153461253
25462513624561362134526
3643514235463162541423
2621465231634215643265
1463162153265413265143
324615426136256314256
6525623641523615426532
24532165412631425364215
434354614321465312645
6123163154265314523
451416234631523642156
2621454261543126453216
254326415634153216453241
63125316356234231543621
13421536452413562134561
126534521654126435152643
41256413456126314526
354351634215146352461
2145425636145234624315462
4261563612432561534621354
6353141526314625341625
64352143614326513542613
41346412463452164352136
6356354362413526143526
365213424652365143625413
6412653125461346521346251
64123516542315642135642
363241625364351236431542
515346135426123546123
353646321465423146524613
143426154231652341653251
52423143461523146523614
2325621465314256432146
63523146254153246531
4125416324652314536421
5436314325163425135641243
5435615462142543621543126
36132163541365124361524
2145163451624513462534162
56423654361423156452361
1461526432516532646125
63523154632541645236
21261364251463512463
3651623415264532645134625
6461536141235614256134
632563124631524631254
432465461356421356
52625134215346231526451
15364126521453164321
4313256314651432651346
45124345265134621564231
214621245634152643
5142154261342163524631564
62434526423125463125
4623513456142365142653
16312343215612532641534
2123651253614526531465
246156432154362415342635
1245346154213651243642513
41623615342615324165
163645421245632416523641
545643123643251642536142
12631341264235146351
3142512463615423615324
142651462352413652413654
135424314265132645132
451523624561234651342
42465364326532146532
314164636415321654321651
12434162531264531426531
136521325214356321436524
3412465315264125341265132
34343245145326415326
324315634153246152361463
5363412134156425134652
1234251243562146352
362152423654213624153
252162415235623145621
35325461254136524163514
3523152354125634152643
41635243561234165326145
5415364216453265146254631
3253165415362153264135164
64143253142134536124653
5621532653416251346253
1436421463415362451621435
5342615432651423651425362
263521643524163254162
3621264562361453216
12453641254653412653
5356243126412356431526
1654635216421315642315
3546453612451362415362
14135463513516423165431
15425623146531642531
425216413254216341256341
231636412362516432651436
6565163245613645213654
5435632413645236215342
5216542631234621542316524
5326154214162354215346
542426346351426351426431
65651253615432165436
2645124625341526143562
46123246542163425431652
4164532156432435641235
46342432651263416524
341563254261532465132
65412362156426351243651
1236153612543124653214
514253264153125641352643
52534612345612413562
3216312435641245361
5243142315631452643125
32632154231625412534612
34526426345216345216
54236154132641534261
53136213456321465324
254125645263512453612
2413523612364325614362514
3451324256413264154362154
36251321436523146521
341351246524163254316
642562564123542615
3561235432651243616524361
61423145264123561453621
515641253654231546123
2635621634623516241236542
4315642315421536243651
36153641256423165412
5132653124635126543124653
2463564145631425613456
636124536525416352416352
56124315632135461342651
4645635213425164352
56243212654215346125364
51342145324126351426
1236546152342615423641236
4215165421346512436
145415623645132645162534
52361245315264163564213
563213246215634213562
1364215364123514652436524
25346251435621456432165
21462354361426315246125
3431612541236143265416352
4562135423653421635
431615321534215642134651
541213456216435261345
5361435213625413624513
1465612635461325461532461
36546235463126413524632
353414235265423162456321
15436352162453621546231
52415316214352654213265
3126135621462536124536
434646253452165432615
63245142345361423561
32453652314526316425136
4365214362154635216342
25134231652314625316
136251346431253614253
2531543261534625416324
5321546251342643514236154
41561243261541634251
52632145632463514265342
1512614256313254362145
6562456412563465123465
1321563451623451326452
1621514326451362453
54541363652643521463451
623143524135261345623
46341354213546235164125
264656124361345621354
3626165325146235146235
1623413625431654231645
365145213261524613243561
6126531621415361254362
16163165413254162356
613125341652341562143
6454135423643512346521356
31523621453456231456231
14616356216423561245316
1425165462531645231563241
6421514363562415362143
56351543524153642156342
546346453425612346513
6514514365264132653416423
356412536435216423564132
35461413516423654123
64623456132164536125436
36246134641523415642361
25146321432561435264135
26425634135236542135642
5632541362135426135
312531641356425162435216
145234653241456123546
64623452314562153642
362631452413612546312456
2614314265143621456312
12546126314521364253165
61452532514653412361542
3514636254315326415236
6232516432654215643152631
3154562316243162563145621
4134125465243162516432
146356416543215261345
32652165145263612463521
412146243214532641352
1256143562416231546321546
5643251465432146352146
343156425431625361452
635156532543614523165
4325256423162514362
52634351261253416532145
324132641265236415236
23652421641356234156234
6546351426512431652136
324263156254123651423
5251412641634523164
431264356125461342561342
56462145631452463154263
631265312361524635146325
5363416252146231463562143
643121653512642356142
36134351236152364512
536215153243152643512
52613432641325162435
4312152436154253612431564
136421542643512631564123
6315164564326153245613
21425346252615342165243
2634615634215326415326453
4365261236245162351463251
6135652136456134125361
54352364521364251462531
653412563453216453126
1432435612342165463214
62535215461234654162354
42416352423536415243615
134523546165324621354
14253645163245614325126
52415463412563425163
434215263413562453162
4363641254312653412563
56314356243626543124651
36213465412562134625341
652632541565243125643
56452146123453612543
65312653124635213465
3416325325416354256312465
6215325146354231652436
5362341654313625432156423
6125245364214523561243
313652415241365214
1451324156234153216532
51263156214356123456
65314253412536412564231
53234521543612543625146
1623232451623546215634
343235251342651234561
51264362153142635142365
356421435263546231542
62135216452631546215643
6535126342516345623145
1213154651632145236416253
3653423546251641325465
352516325461254361
6525636415263416523461
6361453125463425615342
165416521254361245631
264312343526132465132
425161642142536215463
34132531542365143624513
214351536245136432165432
5414532351645216536412
421536146152436152436
312341356136214365241
56421453264156324516243
461253426354163524361
254262536145361253462
253621653461325146253
624532643561234156352416
1563253154213645261345
43421341523624613542361
56312612342516324651324
3542316243126413532461
262356461246351245635124
165352416341625134261
45436142546523615423
6421236245163421635421
451364152312453615243
424561326543251643524136
453163265412365421634512
246524513625423165412
241641235412143651426
24345346312354632154
1643153216231465324136
1436213465324156423165
4234216354621543261
3143524623142631526342546
52354164265132463512
4261352164315216342534
264523431624531625134652
3532651623564123561342
65424163562153462153
351235316321435642315
641415326143653426154
215315362541263124561342
351534621346521346132154
251316213462561342536451
24134615451634254136425
64643256312456134526
1624523462513145263145261
2413154136423521465321
343451645361234652316245
145463451263512465312465
3623524632145324613542
41362452163462535124563
46352643514536234162534
132154634253146213542163
1351654653421642531264
2615621354256145326
1452636216514635241352614
2626451342615324163521
364361354125364125636145
561454261532463514236145
1325135641324653213465
626135343542156213254631
4565232641531264213546
623514253615264635214
34356413421526432512364
624315462531524356135426
4132431523465421543162
5314236514653216423
352465315214635421653
53562146324651423651
46312652146235142365
2423564235643214653254163
5363136425641526315426
131565124326154236145
351564365214653421354261
354615423164253146253
4651643625413265412534612
6126413523146216436521
236235426352145624315263
3645124532615463125435631
42363243546126536142
656325414362365142356143
3643462135123645132
53245365453152364152
465153415621534625314625
141634264651235641532
4636524126135421536142
542534136245126135462
1263264163213542564132
123651325431623456124653
24145123541632541365
623163214532654163521
35313254653126514236154
3516435216452316246531426
623646512654213654213
43432615462435621453
52143126514235614326351
32414543152461325413625
5315143624123562431524632
5631451634261534265416325
6123456361342564315264315
4264513156462153463215
5214231532465321645
126524231526421354623
6463263415256341256235146
3563625421534613452361
6154326145362143652413265
23653642621453124631
364363142156234162534126
61426146513642315642315
2526436241653264153251
531256321452435162543
43516453426315246321543
1514523154326135426
12316123542651435621635
13561341625154634215
4564253142635164325614263
65134136256341562314526
653124356136452361542631
6145451261543621451432
25415254612534612456342
516325414352163142563
636154264315642315
63425312362154235614325
315236346512341562413
36342135462134512364521
1426513641523645134625
3126425136542165435214653
154652631465243652143652
62314265135625134621523
526421456143526312543
36536512341562134651
564651261342631564325641
4165623451416235641235
625452135136421562354136
1462614356215324615413265
26461542365124635142
152361524613256413256
214623615243165246351
6145214316215634251623154
564316245643126524132465
4646363564312615432615
6165421532416254365241536
23124561543651423614532
21363453126541234651
4641526135613412645316254
46256214253214635241
16365243165452163452631
516354253643125365123465
26142351613642351623456
6453254123654321564231
5234623546314523462516
6245462316245134265134
26135426435212365421
65215164231462531245163
6451436521436152461
36535465231624536241563
5453216526142635145
4352415316256145326451
1634152346534263152436145
65253451653214652324165
4245263451624356132415634
1514351342631456123465
25425314523645143253612
534124514123165346231564
6213431234615326415632
3136152465216345612346
2432146241351236451326
1356325142631425634612653
416326541365243162543
6135652436512463512
3413516435264126345215
23512341256134653254163
146523614215623145362
31452612413654216354
5352154213652413642135
41361643514623541563215
6543621345263145236142
236524531624513265314
6413541631246352614256314
13542614236543216453265
251451261452365412635
135314631452516342541
326451251643521461235
64352564523461352463152
42546521452134526134562
6245412632541365624315243
3623145216352651643256431
23625356146523412516432
243165345451246532146
651431245623146532416
24524513246132564315
1534356134256134526
16231254642134623516
21416315624615342351642
5346523516242536145263
32312615243162546312
2153416245326415234615
2634152165325413625413264
162464162536142365412
4324524613451625341623
651462312531463452165324
4532416253421654312
21265364265245321465132
32565214635261342635412
124151465216453621465
654352145326536214536124
21564614253624615326
523423526132465324163542
6364531621341563125346513
1656416432615426135426
13462653126453124653421
41234562154231625413625
162541356143256341256341
41413235142531465213641
3265413251362341652346352
4215136253415624135
4261536265415632514
612352361452634152361
5623164521632534615
2456136523164253416253461
63562132435431256431256
24352316524132643521634
543161425342613542312
12615642165431642563153
241426235642316542136
1464612623154263541231546
5234264123516452136452
2543561424621623541623541
6325451354231652413645
2124526265132634513264
56364521416324536243156
425134526154125362413
41623546561324153642
316165143516524134653216
252423645125361243516421
3242163454621345621364521
514564324163546214536
4132162543162516435126
6425643215612345164326514
5651243264132615462341
623541365342613254612
4235462156341265341623
34256152345163425316241
5214564352416435261
6352316245132564123561
13261462153456123451
642135634125436143215643
5162431261454632165432
246323164252164235146
3254261435121634523164
54142613524156312453
21456253421645134621534
56464531245632156432561
3541342134521643256134
41325263645314526315432
6416526312413654214632
1625416245132615634215621
412351421632565426315426
64162425413564215364213
1431523165421356241
64243165436125436154263
656532645143264156324
143654312564321542635
3246264621563412635412
6416136415213654321654312
431246513265431256312453
23624152631253146312564
3451235165321463516524
6323465134261356432514623
6425316432165432156
653212563264312534612536
421563516431235416342365
25436215461432631542
216215345463254136245
13456156345231643526
5315426316263541625341
524563235461254163253461
653452651362453264135
515456323164325416532
1253621652461435214653
2654132461352143651324
6465124516432564351624
24625412434613542613456
253561352614256341256
54631645312316543124635
161565412361542631452
24146436132562413564213
1421614623514623154
236431453126453215643
526265231625351243564213
1543256261542613456213
42631462135641523614354
45163151632415623461523
161356341652341526341526
23615235236143526143
1254346312653415623451
462543164234165341254632
51545216453214352613456
6246254314621465321
15625345326341532613452
42165412413254615326
23623516243165246135
1425626413265413264532
16521564142365143526
354264256315416325416324
23245631215462153246315
2361526314523462153642
12415346251342654163251
3425216542315426153461254
345645615243612354162
462634654315264312654
125136545126345132465
542362316532416532416
5643261363214536214536142
452134123561234615234
1236436154326154362154635
1635412634251354623165
1513635214652351462531
652143615264364513264
6434542653641325643152
3245612456143251634521643
6145136216534213562431
645261264125631452641352
6315246123524163253461
651452652143256342154362
21345124623415263412563
34125634162341524635261
6236146523156431652431
5154634251642536142534126
6154132456341253162453
516242536145324165
24165431634521643156234
