4265416513215346132456
43524642516536231645
6125462156451234615432
35641353125641231645
42352635246124365
14362431254635246351
23262435621523416235
252143263145261324
64134652435162463152
14316523165216412356
54636415636416235146
13632651265413251436
1431365416534216345
23461451364215634125
13465415231342361243156
53145265412461352612345
21243614523412542361
12345124562354612345
1245252413526351246
35613452351624351624
1245165126352165234
161256213421634125
3462354651421316245
62361234156156326451
13542615621632541326
564263251645216345
543263261235123456
4216342156426314562
1256342561453142356
1324516253415234615
41615361561324513246
4165624145621352416
1356453152635126345
1234146456213242153462
1365214362361531624
16345135243641352146
624512363265412351246
362341463546352416
12345421421634524613
1235231653625154531246
1541534641235615234
1412452163452634512
24512412342315645312
236526341363523516234
35253616541263421645
13243265432651624513
1641362435614253461
5131423126541642513246
31621635213526415236
1241326123614326145
213413624251321651234
31636152153415631245
4521361431465123456
6143642153645132456
25163141564135146235
43264516421524653124
42132341353462153246
21346125423413614325
4256212456235163245
1245615364151263145
1216215213615436213456
21243654164254621345
41352313463251346
43526436124361521346
124146541562351634125
4623152615435264513
45612632154624523146
12315652513263523146
16425612651421361245
31246254235641362154
3245362145643253412536
51363156241325142364
61643251632413215161432
4314135634153214536
61251432416352416235
264253412563421534261
41252135124135632146
5312546123254623514
35146135461325432615
56341352145324165234
4614216325461325146
6563514154614356412356
41231251432156416235
1516132136415241365
53462453614625143256
21342654365264513246
215242161253462135
145326143165231456
232145312421623425613
346324124632154361245
15234654312364516432
2364534213626512346
1412542164123641253416
1213156312346512543126
12453163514613251436
61323565161426341625
1452651432154361245
52615264123165423516
121423521265416325146
12463251634164261345
5314153614231632145
234361346126316543216
1543615415264135216
12343146214531235642135
314516242465314263145
15654213263156241325
3462432153416213456
1243165234612531246
2534164513245162354
32341253165236213456
23165463146234125463
1243152351365123456
41253145256341235641
13561345621423126454
16235132542326435214
154634565415236415263
16135632614256431256
342646256142534125634
234615641453645164253
31354164512346542136
152453121635261423516
1523124154532615324
25612536412356214563
23514324563425625134
1243612356215412356
2161234143564134256
26426561321531462513
412451346213461235
214241235615346132456
6415216451326452136
2636512165123561234
43162346231564512346
1245132463542614235
25643412631456243165
23516342163531436251
431356452621342561
1512325436143652134
32562324154613216435
1624616416325432156
145263625413542631254
52343512463651542635
364214351235416235
5143264543261325346125
413251642654123456
13241524356124563124
1424156212453124536
1321615463523413625
126424132512546124356
15465423512451536124
13541462561521643125
532534256243264135
213613416351256534126
1214615152341521436
53162345641325341256
46314156314521465342
352645361345214636216543
426416423654132546
15364516153124165234
23251256152635425136
26241234251432423156
5461521324632451243653
2645643516251243613542
245632135456124625314
24136246251314623514
64126135342345621345
214653214635241631245
463451423541253146
141213142634532614325
451245245634243615
23523451345236415642135
2135164534231451236
452631265326154326
134132413542315641235
41516156542152462315
1346421642163623451
123613623456126341526
264516253142345162
213624135413651423
35415431246521453126
16265243162365142365
636451643156324651234
6235426143156213456
5632124351321563142
6523146254126351462
1265121354243615234
1456345161356432156
12316452145236152346
63214252656123415236
21352312435434623145
2643542163213425631
61412413524361246315
21523542312643641235
4621532641325631413256
461365412613251463
62521346132643561234
354142641354156432516
32516412465436123465
1241235163413651234
24123426415623543126
5341634253124625134
2153452613231546123
1516345613526524352146
64325246134623521346
21341526142631245163
46152563214532613245
5165121641231651234
136416432541612354261
463656135164321546321
21453243254163152634
4141635143625345132456
14535124253265316245
25125131524162536124
21362343513146231456
134216435136543214563
45145136514362156324
1434234512351423516
4132561241652132431265
1524324625416352146
13256246152436541236542
152635132654215462135
14356426516523163245
312451235423612145
3124152632465136246135
6153416543256142356
621361451264531246
1236253124651462314562
123423635126352154623
16432145614631524316
6421463153216451236
32351325412364123456
4125636413564321456
16542362614264316521364
14623162413145624513
6532142316526452136
315425361546312456
1253215261342613524
2312512365413621435
13514364341564521634
2145616514231216354
131425631432136421356
4153561453264165234165
13243615414315613245
2615134253641624513
3436152431642513246
1546152364154612345
435214632153653214
65163253614265314256
2361253631424365241
2615361235142152346
32623564513465324615
6362564341362513246531
24163523415342631245
15362534612436542136
231436134635245613524
4156351216121532456
26243465125263432615
216543256145216451236
316425312436413521465
6254152356231356415236
3625132126421531246
14562416351456324615
2652435263145642135
4125463234513251634
5632654324162341523164
56312351421653265134
35265462314265361245
12416453156245615423
34536136425346153246
14631651435263514623
53561642564314532614
5415652464351452362145
215142132563451425136
24563612654142314526
64316531216435613246
2343524124361521436
54214534135326512346
161454361261564213456
516532461423564321456
121641312534261345
1364352316245126152463
54261431326351241356
2134564261542516312456
21262134125452631456
15232156216345136245
65342162512561531642
234153652534621364125
5252361534563215325641
43613426453642316425
6525425143624136245
3521631562346134526
1421643261235462134
2516365315613421524613
641652135642136312456
426454342652136542163
14165262352123412635
21321546212456243516
451423516432416213654
32454162413254162453
51514613516245123456
515413563542645123
36431632124316534126
65245643214315421356
214613216416352163254
2621562514264312456
3145613156241632145
316454361546521346
1635132651462346125
3163526134523612345
25136242351216356241
45253146526324156234
4365416342365412356
161315461526135241356
34125156432341562413
12131652461432361245
1354324614635142356
13635132152634532164
31234156134216521436
6324236423546324156
2564215263214312465
13125623512634612345
362545612351462514362
61345125464213541236
12352452416454231456
25346465326165243651
13152435615265312456
23541235413564321456
24142163415465214365
656326125462134526
232461216436153251436
12345623651245132654
1431264125324162534
5162516234165243516
326463153465314256
1235432135234214536
16312532425145621345
125136245136345154236
1251453156243126534
31423146324514315246
634126251246134125
123562134215632354126
2341526526145631256431
51415325264361253146
15624536135423651234
32515362412531421356
514253465236452423516
236535164235231456
312465341265314256
1234143162543161245
123152354126542316
246361354165236154
136542136543246143256
1253164531261452162534
3642561531645136524
51235613542146526143
21243152614253621534
62135124561234154621354
13145143234561245136
2512412645124652314
25154642324536245136
32524562361415234516
31241534136421531426
1265126245314254613
42416536142356425136
45465236135412346215
13145162614253621534
12425123241536154236
23615635415261425316354
1345642153654243516
31543261245362631425
12546513125431234561
4236563165341251346
14631426415264312456
4625132621623512346
31421534521634124536
12542461546324314625
6314562516453621345
3542316141364542136
21465126512136251634
35264532463156241356
146525436413652134
6123463152361413256
12156142563456123465
15136231463213532146
2623625241642153246
14131324516431521634
343123152341326142356
3425136243124162453
12413516236214523146
2453456453265341256
5216356151432651325164
26534126325412541236
6326452354216354216543
354263245612346126453
12613241561435623541
1515312615642354126
3125254154136241356
12342351621346254136
34253645231254361245
15426424325145216354
1351236143614521536
16214523546312543621654
143614356132143612546
6536521465213542136
1421351315426153462
16365341623545263145
3613214216453412356
452134521635641326514
61234562416235634125
3631541235162461235
14316431615263532146
53561621546516243165
461326432361341526
2365134326315643125
15143521435142356124
42132461213462132456
2354235135431256314
123165416431564214356
2612416245312423615
5314615236432513642
14236145361452613245
5612162561532415632
21625326314562142356
24365143641523614523
414563124536423156
352342613256432641352
23153146312652315246
6532143514236415326
1236513621243514634215
161345256312354213564
421635123164156234
5346145341635263415
12352463514235642135
3652361453215643215
5123521632416351642
161463561235246142315
2142563456134261546321
14132143564352615342
12164124562315632451
3412165213146531246
156142536241564123
5624326451234615245136
323623154612345125643
15135421543645612543
1614516351412361542
1341615326452461235
251315212451246326145
14236543261423425136
12541652312564135462
361463415426312456
46234615362145635214
56163646132436512346
454621531451235452136
214346541261345146235
625126454134162352461
32163425312361421356
24365234156124563124
31265136145614234156
3246536426314261534
23526341651423516423
32453465316543254126
4152615463154235341256
4264325613416235234156
1453261543124615243
12413413561263251346
132456425351643526134
21341423412534523615423
1416213254351612435
16435615314236152346
23161526456126431256
326352364651321452136
5612416134652635124
36142641326324125316
13613242356143521654
245364624531246315
12413612654135261436
1231635241356345216
1215124351625231423516
121265315426532145
246562362635215435126
23213421653143265134
213462536153426153624
24236421456215623154
6431256241236425613
15121526431534612345
51343612364315243156
1536421645135246123546
32653146342561431265
434213512364126546312
6531634645312561243
15326215416325164325
45136412465316423561
31216521565213645213
1243126516523416523146
3461621342136524163
1645213521365235614
25142365214365123456
64314362416251624315
23265346351246314562
26215654142151631425
512463435461356143256
615634512561435214653
24516431653412645321
6352461254632415423561
26364136523465213456
1413254131623426251
154623415631243156
24346346213416345162
13265245634142123456
13531456543652643125
3645465145263421356
132654361621453653124
452612451315614352
36216431326536145236
1526423612564164532
1234215253516523146
231362162416451361245
41243462536451315426
31435132621541354126
6153641254632615234165
125635641256315362415
14135165314651423156
43124635324654235164
3241435634512314256
13521345162154365214
32516421642136415236
31235162361423521463
4354312452461315246
15432456123465312456
215231621435263145623
21346124315626153246
143541531435614253146
24315231461253625431
35413614532146531246
1612542143265324516
4513515213456413526
15132145263426153246
46354153256453214526
1231421536124315246
4345413613265121423156
142531562436124356
123153456312412364125
3243514136415231546
1341365412451356214
35632142153625142536
2363154323465312546
235246536145236152436
6546346156431256314
213253523154234561423
4342632413523153246
12351463462314625314
2131463513562135246
1631614512346513256341
1231421564321635142356
125123164236542351
24353462516236215346
63243215361542461325
13421456231564214356
463546235435243615
13462135312462512346
46134123654612342651
2526531562453426143256
21563641654135642315
321645364324163512346
34354621546316513264
1263126534265146231654
13561435265345231465
1252341653624132546
3236514565124351246
13451324512354651342
21321564231645212346
62312632452346145326
1513126516243516342
2143642315463524613
4162512436415462315
314215256134165321546
24653452513413561234
123534316256154261345
1214514636152165641325
25462153463126531246
123154631231461235
141251645346132153624
134345163245316241536
12315612364163521645123
1432542154642314265341
123612543542346154236
1456356254351321465
13524261263124156243
1461634624531651234
3564562345321632145
12416162436213452146
1326135162461263514
5236216546342135642153
541361521432461235
123421364536214253416
261321643263142536
54231421636423162534
6454536132546135246
23542134561234512536
23152634263416243516
4251423412645152346
54632512146523463512
1654264126524351246
43612546243154324156
13263243415265164253
12136435143426543126
21453124325614321456
1465421623414531462
212426354136123452136
14251412631461523146
45642516253154642135
25125416246352342156
52452146546321526314
5412341632345124356
231454351651356213456
3612136235164351264
1242531254123514623
6265241365145634125
12151452465134651423
42414643524321651324
13424364152641312465
2524352145314234615
42524125653124531246
21436213246312361245
6124154612463124536
231523451243251625134625
45313215626345136245
2134214234523654123645
5162354161423612345
2315623514523526143125
515423512146514213465
21246526451643541326
36212365214532641235
25465143513426134256
1423152653615461235
235261425135461523416
565426321621546312456
531641642563146341562
125315642146231563412
131543245361564312456
5142615461264356124
1234652412643512436
5253134236142613264315
4513621326415234516
3126312452645136412563
6516125425162356142
65245265423146521643
45263514321354623145
5362561353423165243
41531235412361425136
423214162135364521346
532124561234213512436
52641642314523156324
135452156325164235
616343251346125634
5134656241354321564
14356123541236542316
236264314525314561234
342614253561425314562
14621345615413235416
61354625346516431256
2362462354623652134
12365165421365432156
342351645136512356412
3641352143641251346
12326135216546354216
42146216453216415236
2312541243125346152346
152461432612354635214
12513523465126315246
1264351234163264135
13456324613425162345
1215135434123651321645
1423654265123641532
131363421526314215364
12456262325634251346
124652146345124561342
13561342162341254136
1435631513241621345
1625425642135624351
126314132561341625
12415623451361431256
5431621351246354625134
4231243156436243156
1212415652435146354126
4642135643126541516234
5146354215354163243516
41652413246341631425
52364236521436265134
2143265364216534125
6362156416524361245
132465254132634125346
14614245235613421536
3251625412563123546
23241561524612523146
12514623143625416235
3436514165123462312654
5465214523145624351
646131245214352146
4321532413624534126
12612415236146351246
123421324563452361
535142645314562354123156
61235463245261345216
21245614362546213546
35245132514632516435
12315456316421354216
13213141613425364125
34235212326152613245
13241532513214615432
152463415243251523146
14625463453161235146
614162563126321456
13243152164245163265431
46312163513423612536142
2546152415312463521
1413214363151632613245
5616216423542653132456
4324625236152354216
1236246254132536214
62362321432156142356
54624613462531526413
134521542651641235
126412512462143523461
453146352164315643264351
34152325643521345612
43242315265316514263
561256213142632415
3435214634263152346
14642142536143264531
34263452146214364152
245621423452635214563
232135461532615314625
312645321453625134
36532163641324652145623
2142341524632641325461
14325641253642135463421
3562316246235612345
5123616345624362415
41351246515431253146
43612635235641621345
4152352632152416235
6251462316324351246
15463135423641643125
134121351361542541236
12315432635412641354
6312345624532135426
245454216453652653214
64635236421564325641
4124541234651241356
23436534631264531642
25625314251364521316542
45143515632416521345
31536341623614651234
4352435431653421356
563245364123643213456
4646253246251364215
12135614263214562314
2641231613654265134
5463563245312435126
3124352316435241356
13526324265412361415632
1216435613641524352146
36326452621542351246
13262345123564512356
42361641526534152346
3561453234123614235
34154612453261432615
34621435234162131546
1543212631454623145
42341532413263521641253
51656351614263421536
5156146261563215463
1213425346521462314256
13516351251436541236
5652314516256361245
3532156265354612345
351245316135241356
3541634354125346125
43513525362315436125
5634512513265143563124
4135265421326513246
34526156234651245136
1463121612465341256
25132513265421354621
1561324235316421356
2351621526136425316
21434126531625421356
12353643516452412356
35626345346243526413
24561361256452143256
164153542513465134562
3634623416452142356
12452351641254361245
2352651651265426513
35321463424153613245
34362546425632516236541
16324352415463261345
351626153624531256
25345345236462152346
4351214325456246135
31652436512465463125
124634624531263145
2613416523136452136
346151423615234216
2423545361523643512
1363542364514261543
432654624632452136
12123265123462532654312
362615124231564123
24312624156426316542
234256142461512346315
232435431562453126
3526563254634513264
3421341432456312546
5164215135246312465
5314351564263461352
3245635425461324561
6345615236561423516
123452341364234123645
12142546342156431256
531526452143652136514
214245312156423516
53413241623242561345
1612362136543625134
354315436512345642135
23141623452356431562
1246346512435612346
2431234613562514236
42645325612465312145326
654125436256241352614
1251364123526342156
4324212341625436421
4231253216542135421326
12312313452361546213
2632314543263546123
42561463461264531246
2615624514352134621453
351251316512431256
36235132624564352614
343263261541362124356
14653213561251436513642
2145132531624346152
21265124643461523416
2462314652612431526
65263451256341632514
14132546536241651324
35253126415231543126
12651415123516325164
3134265312413652134
123452416235615643521
21561514323615642153
642564341652314256143
14261243653246152436
2613524162356134256
1453615213412612345
65326341543251624513
4123123143512346
513646321635416321456
4134164126351426132546
4235426325142536421653
251213145213452152463
135346134612463561234
12465263423165364215
25131245243256152436
242356351624536154236
1613546534653413256
23413426354631253461
12415621351453253416
252314614561345612345
153456243513432513426
3162532146215463125
5623151236412314625
1325412652136215346
353462563256425314256
41534364235126314256
1315413615234632145
132414254236145236154
3642356135634523146
35321534165421563241
134625141352645123456
123564531253645134256
31465315362134516234
61342632613264312456
15165315632145264513
4265214521463256134
5634614563242514623
412532534612546134526
21625164532143265134
316534513642564123546
41565423453216321546
212341642354326145312
342316425624153612345
2365123151412643215
62154253521435163245
6152613451632461253
1354631561542316245
5462154164521632415
3523613154263142653
4315612326345135246
13561563251543256134
43524614321541365124
61253216425163243162534
54513463426541321465
21564521346425134256
126516234561263145
1234365462615246325461
12465346546134253146
4525642365215431256
346521321354126532416
42615246324632514236
23613263562145123465
1236143623451612345
36145132354316321564
1316526534323652142356
1624146253561362451
4521465124531425625134
1424634523615624135
5362412342623136524
14153125412361241536
45162512614253462513
41232456234651234516
52162432531543651642
12323461354256314256
156123426314265136425
121264134261431526
12643256461236514236
31452452642156432516
246315243624512364512
5121235214621542316
134631251452641214356
4363521365134236145
23512354215635432156
1231423154235143625
214216431521634621465321
56123515641351235146
135135423624351461235
3532543126143254613
312351263214623154263
13425314621352413256
16531463262513465123
3163425613265412356
2512316245316251312654
6532614312465423165
325146231654132456
36425265421356132614253
121432651342156315426
134514342643516234125
6234516425364156314265
15241312361246324156
23431361426453264135
1213156421243165234
13514324324615245613
5126341261354123546
23156134263642651324
5423462156412453146
61452425136241352312456
24642326163261432156
6124154613465231456
124213514635261542136
3416431236346351423652
142512146253426312456
6242514625316425345621
126346352346153426
3264561364212456123
2513613265346512634
3513456423516236145
12413451263542162345
1234256416452345163245
21425163524625132645
45132352143526135462
12153145242641213645
46254364531426513246
1216343645261362514236
6321345245612531246
23162542635213263145
56134562312435416235
4123541265625135426
21523431363415461352
12641635214513641253
123614261415342165234
5421526413523461253
6213462345634165234
24135132613425613245
1252461462541653124
151235264231424563124
5231364564315642135
5214531256435261345
1454621562341326345
3152163261465346215
32164124312453241356
1653632543125432516
35262364215643125346
12314352436312162543
263145125462341256
45324526123651412365
462354134653124653
645134236134521342156
654635142645315263154
3254164152614531256
4364561234153251643
